0 -4428 -692 15404 -29 -649 -156
0 -4672 -584 15500 -135 -990 -192
0 -4584 -620 15612 -99 -577 -179
0 -4604 -580 15496 -140 -892 -208
0 -4656 -644 15480 -50 -651 -157
0 -4632 -620 15404 -109 -776 -149
0 -4528 -616 15652 -144 -712 -153
0 -4644 -572 15552 -138 -833 -175
0 -4528 -568 15464 -73 -654 -149
0 -4660 -592 15524 -87 -826 -188
0 -4592 -644 15512 -134 -698 -137
0 -4644 -544 15444 -158 -757 -136
0 -4576 -616 15516 -98 -730 -136
0 -4604 -628 15520 -96 -770 -121
0 -4536 -624 15532 -122 -729 -206
0 -4636 -624 15508 -192 -743 -211
0 -4600 -556 15448 -141 -757 -170
0 -4556 -556 15564 -99 -757 -172
0 -4572 -564 15504 -145 -693 -184
0 -4536 -612 15532 -137 -739 -180
0 -4592 -636 15488 -139 -757 -180
0 -4632 -624 15552 -105 -725 -176
0 -4584 -648 15528 -90 -738 -144
0 -4596 -608 15544 -143 -770 -163
0 -4596 -628 15492 -143 -753 -165
0 -4616 -568 15512 -160 -758 -140
0 -4588 -652 15440 -111 -738 -179
0 -4604 -576 15544 -127 -743 -136
0 -4672 -588 15596 -122 -719 -174
0 -4568 -636 15604 -102 -725 -175
0 -4576 -596 15596 -123 -766 -179
0 -4608 -632 15572 -100 -717 -141
0 -4584 -660 15652 -141 -719 -183
0 -4548 -572 15544 -132 -723 -164
0 -4560 -592 15532 -113 -762 -199
0 -4560 -592 15420 -117 -750 -199
0 -4616 -584 15556 -95 -747 -188
0 -4604 -588 15536 -81 -779 -150
0 -4596 -568 15612 -111 -751 -155
0 -4520 -588 15580 -116 -750 -147
0 -4508 -588 15560 -140 -724 -166
0 -4576 -640 15532 -129 -704 -147
0 -4608 -616 15472 -113 -737 -178
0 -4544 -624 15508 -131 -728 -203
0 -4536 -580 15560 -125 -729 -178
0 -4524 -656 15472 -123 -735 -171
0 -4564 -592 15540 -120 -723 -163
0 -4636 -620 15544 -70 -741 -173
0 -4612 -616 15532 -118 -748 -187
0 -4608 -592 15540 -134 -717 -152
0 -4596 -576 15512 -109 -719 -138
0 -4636 -620 15596 -123 -736 -144
0 -4552 -616 15532 -106 -725 -143
0 -4600 -628 15548 -116 -724 -192
0 -4536 -568 15564 -126 -753 -168
0 -4636 -588 15568 -120 -761 -171
0 -4608 -600 15548 -86 -788 -164
0 -4604 -588 15516 -107 -733 -158
0 -4600 -628 15596 -122 -761 -151
0 -4604 -660 15540 -119 -744 -155
0 -4528 -600 15604 -119 -733 -148
0 -4592 -648 15504 -145 -752 -176
0 -4584 -668 15504 -96 -756 -143
0 -4592 -624 15480 -80 -746 -169
0 -4572 -664 15596 -111 -744 -159
0 -4656 -604 15492 -111 -733 -166
0 -4596 -628 15572 -106 -730 -146
0 -4632 -648 15488 -90 -707 -150
0 -4652 -616 15500 -129 -775 -173
0 -4572 -620 15520 -91 -744 -134
0 -4608 -660 15640 -134 -728 -170
0 -4532 -568 15560 -135 -753 -193
0 -4624 -624 15452 -136 -733 -153
0 -4556 -648 15500 -95 -719 -179
0 -4568 -568 15504 -125 -730 -181

0 -4736 -616 15636 -113 -839 -147
0 -4584 -580 15532 9 -510 -184
0 -4584 -604 15580 -60 -794 -145
0 -4540 -608 15500 -190 -699 -174
0 -4632 -580 15528 -155 -823 -182
0 -4572 -612 15520 -104 -769 -179
0 -4656 -548 15500 -87 -713 -201
0 -4532 -616 15496 -170 -777 -196
0 -4520 -584 15504 -175 -724 -165
0 -4540 -636 15532 -82 -775 -152
0 -4592 -608 15384 -90 -729 -142
0 -4568 -620 15476 -132 -757 -199
0 -4556 -636 15460 -145 -726 -170
0 -4752 -656 15508 -94 -715 -167
0 -4644 -612 15556 -105 -769 -176
0 -4576 -608 15480 -87 -716 -170
0 -4528 -580 15508 -139 -771 -167
0 -4596 -592 15536 -104 -737 -180
0 -4596 -640 15584 -104 -738 -180
0 -4532 -672 15556 -120 -748 -200
0 -4588 -600 15552 -142 -751 -190
0 -4544 -628 15460 -90 -722 -187
0 -4652 -612 15524 -111 -770 -180
0 -4592 -632 15512 -106 -737 -199
0 -4576 -652 15500 -111 -726 -163
0 -4608 -648 15588 -155 -775 -186
0 -4572 -620 15468 -134 -710 -171
0 -4592 -644 15492 -101 -736 -144
0 -4628 -628 15552 -108 -753 -135
0 -4596 -668 15488 -114 -767 -181
0 -4468 -580 15572 -97 -656 -193
0 -4592 -508 15432 -119 -792 -214
0 -4668 -616 15464 -219 -712 -239
0 -4608 -572 15520 -159 -933 -162
0 -4512 -644 15592 -62 -674 -190
0 -4600 -604 15608 -66 -736 -153
0 -4624 -616 15592 -145 -727 -172
0 -4620 -596 15556 -148 -765 -160
0 -4620 -596 15512 -130 -772 -164
0 -4592 -636 15508 -129 -710 -166
0 -4568 -640 15592 -125 -759 -169
0 -4596 -592 15536 -109 -766 -181
0 -4524 -608 15544 -81 -738 -150
0 -4564 -580 15504 -127 -727 -188
0 -4556 -540 15532 -112 -774 -187
0 -4560 -596 15492 -136 -778 -154
0 -4612 -632 15608 -91 -751 -177
0 -4580 -568 15448 -103 -756 -155
0 -4612 -640 15496 -149 -763 -155
0 -4536 -600 15436 -112 -729 -183
0 -4548 -580 15524 -105 -752 -179
0 -4576 -628 15492 -90 -714 -177
0 -4616 -636 15504 -136 -733 -160
0 -4652 -604 15456 -83 -760 -122
0 -4536 -648 15568 -160 -743 -165
0 -4592 -580 15516 -95 -775 -186
0 -4580 -580 15544 -102 -760 -154
0 -4612 -616 15556 -129 -806 -163
0 -4584 -656 15492 -151 -709 -165
0 -4648 -640 15568 -106 -716 -184
0 -4580 -636 15524 -117 -729 -212
0 -4548 -576 15484 -131 -782 -171
0 -4576 -692 15620 -98 -746 -166
0 -4568 -568 15568 -118 -724 -175
0 -4600 -604 15520 -136 -728 -161
0 -4532 -592 15532 -118 -767 -166
0 -4540 -588 15468 -118 -725 -222
0 -4544 -616 15548 -100 -759 -149
0 -4612 -548 15528 -120 -741 -139
0 -4644 -624 15592 -125 -738 -168
0 -4532 -612 15488 -96 -756 -141
0 -4572 -608 15588 -120 -758 -193
0 -4628 -584 15368 -128 -752 -119
0 -4600 -608 15516 -115 -759 -143
0 -4580 -584 15520 -124 -728 -177

0 -4524 -608 15468 -54 -722 -144
0 -4420 -732 15456 28 -323 -129
0 -4672 -616 15504 -12 -780 -153
0 -4460 -664 15660 -260 -692 -180
0 -4648 -608 15580 -215 -821 -156
0 -4620 -584 15472 -81 -736 -182
0 -4588 -572 15416 -72 -767 -137
0 -4540 -592 15584 -237 -766 -164
0 -4584 -560 15584 -140 -711 -171
0 -4628 -648 15628 -57 -759 -203
0 -4664 -564 15568 -84 -706 -153
0 -4512 -656 15484 -148 -736 -144
0 -4652 -584 15532 -130 -738 -194
0 -4568 -532 15540 -61 -754 -138
0 -4596 -568 15580 -77 -736 -132
0 -4560 -628 15584 -100 -717 -155
0 -4616 -604 15536 -156 -744 -186
0 -4560 -580 15472 -110 -732 -182
0 -4560 -632 15544 -81 -737 -149
0 -4604 -584 15592 -107 -760 -141
0 -4564 -600 15560 -174 -706 -183
0 -4608 -600 15484 -119 -786 -181
0 -4592 -640 15576 -83 -770 -145
0 -4616 -632 15552 -110 -737 -184
0 -4564 -656 15516 -103 -753 -191
0 -4560 -704 15496 -116 -704 -186
0 -4624 -612 15592 -87 -742 -135
0 -4604 -656 15456 -129 -760 -132
0 -4588 -660 15504 -88 -722 -173
0 -4604 -632 15520 -78 -771 -178
0 -4568 -600 15480 -112 -772 -190
0 -4592 -596 15536 -133 -720 -166
0 -4576 -580 15504 -137 -744 -148
0 -4640 -600 15520 -116 -758 -175
0 -4620 -596 15516 -100 -717 -188
0 -4560 -680 15548 -118 -780 -167
0 -4584 -580 15604 -133 -722 -145
0 -4576 -600 15624 -124 -769 -143
0 -4564 -604 15576 -119 -727 -171
0 -4580 -624 15420 -149 -758 -174
0 -4624 -660 15636 -108 -715 -152
0 -4548 -648 15504 -121 -761 -179
0 -4556 -600 15472 -118 -724 -131
0 -4548 -580 15504 -117 -741 -175
0 -4628 -664 15536 -128 -793 -144
0 -4568 -620 15492 -138 -703 -157
0 -4572 -648 15568 -129 -798 -180
0 -4588 -620 15508 -99 -744 -164
0 -4604 -680 15628 -110 -733 -167
0 -4576 -552 15536 -114 -727 -147
0 -4584 -592 15468 -75 -756 -181
0 -4616 -628 15488 -125 -752 -171
0 -4628 -532 15516 -126 -780 -176
0 -4604 -608 15524 -121 -727 -169
0 -4588 -588 15492 -117 -744 -143
0 -4604 -696 15460 -116 -749 -147
0 -4568 -576 15544 -132 -747 -149
0 -4580 -628 15468 -122 -769 -157
0 -4540 -624 15516 -101 -763 -180
0 -4508 -616 15448 -120 -733 -165
0 -4596 -636 15516 -135 -755 -150
0 -4612 -604 15588 -121 -757 -196
0 -4624 -532 15432 -135 -721 -148
0 -4552 -632 15476 -131 -756 -142
0 -4636 -596 15580 -140 -757 -175
0 -4552 -580 15528 -108 -745 -132
0 -4580 -584 15492 -146 -747 -164
0 -4576 -636 15488 -107 -766 -156
0 -4532 -636 15464 -130 -745 -160
0 -4540 -612 15560 -139 -756 -179
0 -4572 -612 15652 -99 -754 -174
0 -4612 -616 15564 -131 -726 -167
0 -4540 -564 15532 -130 -729 -164
0 -4616 -580 15524 -115 -715 -156
0 -4532 -612 15580 -110 -753 -161

0 -4900 -568 15824 -134 -793 -176
0 -4572 -556 15404 -3 -442 -84
0 -4688 -740 15580 -21 -851 -163
0 -4560 -648 15468 -224 -640 -190
0 -4628 -544 15612 -150 -823 -178
0 -4632 -660 15524 -93 -712 -167
0 -4580 -688 15456 -16 -738 -202
0 -4576 -600 15640 -140 -750 -141
0 -4612 -624 15576 -148 -794 -170
0 -4544 -576 15636 -94 -741 -165
0 -4624 -612 15500 -65 -737 -168
0 -4608 -592 15556 -119 -751 -179
0 -4636 -584 15676 -160 -765 -143
0 -4644 -588 15580 -103 -762 -146
0 -4588 -564 15512 -103 -762 -183
0 -4560 -580 15548 -116 -741 -179
0 -4644 -628 15592 -127 -758 -150
0 -4552 -632 15504 -94 -713 -160
0 -4604 -592 15560 -140 -784 -163
0 -4644 -596 15556 -103 -730 -183
0 -4608 -600 15416 -147 -744 -136
0 -4588 -592 15560 -59 -753 -180
0 -4564 -588 15472 -120 -756 -161
0 -4536 -636 15544 -114 -732 -148
0 -4588 -684 15568 -148 -760 -160
0 -4580 -704 15548 -105 -723 -131
0 -4564 -560 15532 -101 -751 -160
0 -4580 -588 15524 -115 -746 -142
0 -4608 -596 15552 -134 -729 -170
0 -4608 -548 15572 -103 -725 -150
0 -4600 -636 15484 -78 -736 -171
0 -4624 -620 15564 -126 -767 -146
0 -4532 -548 15608 -108 -768 -152
0 -4668 -652 15400 -121 -675 -117
0 -4600 -740 15388 -45 -812 -154
0 -4608 -804 15448 -73 -962 -198
0 -4524 -584 15564 -94 -582 -157
0 -4584 -580 15484 -114 -770 -170
0 -4560 -668 15504 -123 -755 -171
0 -4584 -592 15544 -108 -801 -159
0 -4564 -692 15524 -126 -751 -171
0 -4600 -576 15496 -102 -753 -176
0 -4552 -556 15556 -121 -734 -141
0 -4548 -620 15352 -111 -720 -139
0 -4620 -584 15488 -133 -749 -155
0 -4580 -584 15384 -74 -757 -164
0 -4540 -616 15644 -107 -764 -183
0 -4552 -588 15524 -116 -755 -183
0 -4684 -644 15544 -133 -769 -197
0 -4588 -580 15452 -110 -751 -188
0 -4552 -568 15560 -100 -730 -125
0 -4580 -564 15568 -103 -751 -185
0 -4564 -616 15520 -140 -745 -159
0 -4588 -644 15580 -106 -744 -152
0 -4620 -624 15532 -115 -727 -156
0 -4560 -588 15552 -105 -717 -118
0 -4608 -668 15580 -113 -735 -202
0 -4576 -624 15484 -164 -721 -167
0 -4588 -680 15496 -128 -745 -173
0 -4612 -656 15548 -105 -754 -160
0 -4600 -608 15416 -165 -714 -146
0 -4604 -620 15588 -139 -751 -162
0 -4644 -616 15580 -113 -745 -168
0 -4564 -644 15604 -90 -747 -143
0 -4500 -596 15508 -105 -756 -163
0 -4520 -648 15556 -92 -749 -168
0 -4632 -580 15496 -118 -742 -178
0 -4568 -576 15444 -128 -779 -203
0 -4544 -612 15472 -113 -729 -162
0 -4628 -620 15436 -90 -748 -167
0 -4548 -644 15540 -97 -783 -159
0 -4552 -640 15472 -121 -726 -181
0 -4616 -632 15540 -135 -720 -138
0 -4608 -612 15496 -131 -760 -183
0 -4584 -572 15540 -106 -715 -162

0 -4616 -488 15496 -132 -831 -182
0 -4488 -548 15404 14 -363 -135
0 -4692 -564 15580 -25 -896 -167
0 -4552 -596 15484 -200 -652 -176
0 -4628 -552 15500 -185 -844 -190
0 -4604 -564 15504 -64 -734 -160
0 -4588 -616 15484 -61 -755 -176
0 -4616 -660 15448 -210 -653 -157
0 -4716 -544 15504 -134 -789 -179
0 -4532 -640 15524 -64 -696 -178
0 -4576 -604 15540 -116 -751 -157
0 -4508 -644 15428 -93 -765 -169
0 -4588 -664 15544 -160 -716 -179
0 -4544 -584 15504 -76 -765 -133
0 -4552 -596 15528 -119 -721 -151
0 -4564 -640 15508 -137 -768 -185
0 -4576 -592 15568 -132 -695 -136
0 -4580 -552 15520 -92 -770 -178
0 -4616 -620 15512 -114 -734 -176
0 -4580 -576 15496 -82 -724 -171
0 -4560 -604 15444 -145 -752 -161
0 -4588 -708 15512 -119 -742 -202
0 -4652 -644 15424 -116 -776 -172
0 -4556 -544 15672 -109 -741 -148
0 -4596 -672 15552 -125 -757 -166
0 -4564 -596 15532 -121 -760 -194
0 -4532 -596 15556 -100 -747 -187
0 -4564 -548 15548 -89 -744 -163
0 -4588 -572 15520 -136 -740 -180
0 -4596 -588 15524 -95 -704 -117
0 -4580 -584 15472 -142 -730 -126
0 -4612 -636 15484 -114 -725 -147
0 -4624 -560 15600 -147 -758 -172
0 -4572 -600 15592 -136 -731 -190
0 -4556 -640 15564 -124 -735 -138
0 -4628 -668 15580 -98 -724 -179
0 -4608 -612 15544 -103 -733 -192
0 -4592 -588 15500 -100 -743 -155
0 -4620 -552 15508 -108 -714 -159
0 -4592 -640 15496 -147 -762 -175
0 -4544 -656 15436 -123 -715 -163
0 -4588 -564 15540 -131 -757 -175
0 -4520 -600 15376 -62 -729 -155
0 -4576 -620 15404 -113 -733 -159
0 -4568 -628 15536 -100 -729 -147
0 -4532 -640 15540 -141 -750 -177
0 -4628 -616 15484 -136 -764 -168
0 -4540 -636 15536 -108 -746 -160
0 -4580 -592 15540 -128 -722 -158
0 -4580 -624 15484 -100 -737 -151
0 -4576 -648 15536 -106 -747 -171
0 -4588 -616 15620 -109 -753 -206
0 -4596 -648 15496 -108 -718 -174
0 -4500 -612 15532 -136 -727 -188
0 -4644 -644 15512 -77 -743 -176
0 -4576 -588 15436 -91 -759 -193
0 -4608 -692 15468 -114 -778 -165
0 -4544 -688 15548 -91 -738 -173
0 -4596 -632 15452 -146 -753 -174
0 -4600 -632 15548 -136 -717 -211
0 -4592 -648 15436 -111 -749 -198
0 -4588 -580 15524 -107 -704 -162
0 -4584 -620 15492 -112 -764 -161
0 -4568 -580 15588 -136 -769 -159
0 -4600 -528 15572 -132 -748 -155
0 -4552 -620 15424 -124 -727 -164
0 -4608 -580 15380 -104 -717 -136
0 -4608 -616 15576 -95 -713 -204
0 -4588 -640 15600 -111 -762 -135
0 -4552 -596 15568 -124 -741 -170
0 -4600 -672 15564 -144 -737 -184
0 -4628 -632 15576 -102 -716 -158
0 -4564 -608 15524 -114 -738 -184
0 -4592 -620 15540 -104 -756 -165
0 -4604 -672 15536 -110 -719 -171

0 -4640 -540 15372 -62 -809 -211
0 -4384 -728 15524 90 -324 -186
0 -4716 -628 15584 -12 -767 -166
0 -4544 -508 15624 -265 -691 -147
0 -4632 -552 15504 -96 -783 -163
0 -4620 -532 15552 -130 -807 -175
0 -4676 -600 15584 -43 -762 -152
0 -4576 -628 15364 -236 -704 -209
0 -4536 -604 15416 -84 -752 -142
0 -4584 -608 15516 -123 -735 -165
0 -4624 -636 15500 -108 -730 -157
0 -4564 -640 15488 -167 -713 -142
0 -4608 -636 15504 -90 -775 -201
0 -4624 -584 15564 -72 -739 -150
0 -4644 -556 15452 -104 -755 -180
0 -4596 -536 15608 -139 -707 -190
0 -4576 -588 15440 -144 -732 -154
0 -4584 -564 15584 -142 -732 -160
0 -4588 -600 15568 -117 -764 -146
0 -4564 -608 15472 -108 -763 -162
0 -4588 -580 15476 -128 -741 -168
0 -4636 -644 15568 -82 -767 -135
0 -4632 -560 15516 -114 -751 -173
0 -4604 -640 15564 -96 -717 -173
0 -4548 -600 15620 -125 -762 -178
0 -4548 -636 15484 -116 -687 -162
0 -4536 -612 15528 -109 -764 -145
0 -4580 -592 15484 -124 -744 -137
0 -4620 -688 15480 -116 -760 -144
0 -4600 -576 15556 -114 -735 -180
0 -4564 -624 15480 -85 -722 -166
0 -4516 -584 15516 -102 -733 -145
0 -4544 -640 15512 -130 -715 -142
0 -4580 -580 15584 -122 -754 -140
0 -4688 -628 15596 -113 -739 -136
0 -4636 -596 15560 -110 -754 -170
0 -4580 -620 15504 -116 -731 -166
0 -4560 -640 15572 -99 -737 -192
0 -4536 -616 15528 -129 -766 -159
0 -4620 -676 15536 -100 -738 -191
0 -4596 -564 15468 -95 -751 -131
0 -4676 -644 15480 -100 -725 -181
0 -4596 -600 15532 -100 -678 -169
0 -4612 -600 15536 -137 -749 -167
0 -4552 -620 15524 -96 -706 -172
0 -4576 -596 15536 -97 -734 -175
0 -4588 -616 15548 -132 -718 -141
0 -4540 -648 15552 -115 -742 -157
0 -4564 -628 15628 -159 -761 -151
0 -4572 -612 15616 -94 -711 -185
0 -4532 -576 15504 -91 -738 -186
0 -4592 -592 15460 -121 -725 -163
0 -4604 -612 15512 -115 -751 -177
0 -4540 -616 15564 -120 -712 -149
0 -4612 -568 15476 -129 -762 -148
0 -4564 -656 15532 -130 -768 -196
0 -4576 -588 15552 -93 -776 -208
0 -4648 -612 15548 -123 -720 -152
0 -4552 -644 15540 -153 -745 -143
0 -4652 -580 15496 -104 -718 -136
0 -4596 -620 15528 -102 -722 -133
0 -4540 -612 15544 -100 -751 -179
0 -4612 -644 15572 -96 -732 -164
0 -4516 -568 15564 -95 -735 -152
0 -4496 -672 15484 -100 -710 -210
0 -4576 -628 15432 -118 -752 -183
0 -4596 -600 15580 -153 -738 -178
0 -4548 -644 15576 -97 -740 -144
0 -4576 -584 15528 -86 -755 -159
0 -4572 -544 15572 -131 -739 -137
0 -4552 -584 15564 -129 -714 -159
0 -4604 -604 15436 -121 -721 -199
0 -4628 -596 15600 -127 -751 -191
0 -4628 -632 15564 -122 -737 -201
0 -4588 -596 15464 -109 -715 -167

0 -4408 -632 15352 -136 -807 -189
0 -4444 -692 15752 57 -700 -149
0 -4556 -620 15428 -38 -661 -150
0 -4492 -588 15492 -182 -857 -206
0 -4700 -520 15540 -52 -648 -163
0 -4604 -588 15600 -99 -807 -166
0 -4632 -612 15560 -96 -695 -160
0 -4632 -672 15616 -225 -779 -175
0 -4604 -556 15460 -83 -751 -183
0 -4496 -556 15536 -81 -781 -170
0 -4624 -576 15492 -95 -779 -159
0 -4616 -644 15576 -184 -748 -182
0 -4584 -592 15464 -115 -756 -186
0 -4568 -652 15588 -55 -770 -144
0 -4600 -592 15560 -79 -715 -152
0 -4528 -600 15468 -155 -787 -162
0 -4568 -572 15524 -117 -729 -162
0 -4560 -620 15548 -140 -725 -165
0 -4564 -600 15428 -121 -755 -153
0 -4592 -676 15484 -147 -744 -151
0 -4528 -608 15496 -118 -763 -133
0 -4588 -596 15552 -76 -746 -180
0 -4608 -572 15464 -120 -777 -162
0 -4576 -640 15476 -108 -749 -189
0 -4600 -652 15484 -152 -742 -157
0 -4488 -576 15592 -74 -756 -197
0 -4556 -564 15512 -109 -743 -175
0 -4544 -624 15592 -121 -741 -171
0 -4576 -580 15552 -76 -734 -182
0 -4572 -584 15584 -72 -773 -164
0 -4520 -612 15388 -147 -725 -207
0 -4604 -680 15580 -126 -738 -151
0 -4548 -568 15484 -112 -732 -154
0 -4560 -596 15492 -94 -760 -169
0 -4548 -664 15520 -133 -751 -174
0 -4528 -628 15568 -111 -748 -165
0 -4576 -552 15536 -91 -754 -201
0 -4580 -608 15516 -115 -748 -168
0 -4584 -636 15476 -91 -769 -147
0 -4660 -628 15488 -109 -728 -180
0 -4548 -584 15532 -122 -743 -204
0 -4620 -644 15452 -118 -765 -180
0 -4604 -608 15612 -99 -725 -176
0 -4528 -648 15548 -93 -752 -184
0 -4572 -572 15516 -125 -756 -142
0 -4628 -692 15560 -105 -731 -157
0 -4616 -608 15560 -141 -774 -180
0 -4640 -672 15496 -100 -731 -150
0 -4584 -696 15532 -73 -746 -164
0 -4596 -620 15532 -117 -746 -151
0 -4564 -592 15540 -111 -743 -219
0 -4568 -600 15460 -93 -747 -176
0 -4552 -608 15516 -116 -743 -176
0 -4568 -596 15528 -104 -709 -163
0 -4528 -584 15480 -129 -742 -226
0 -4636 -596 15476 -143 -740 -171
0 -4576 -656 15568 -91 -763 -140
0 -4512 -624 15532 -116 -738 -161
0 -4584 -684 15508 -132 -771 -188
0 -4564 -596 15344 -111 -724 -185
0 -4584 -600 15492 -124 -742 -140
0 -4580 -528 15564 -137 -746 -136
0 -4632 -584 15576 -114 -753 -141
0 -4516 -632 15504 -127 -739 -151
0 -4580 -712 15572 -105 -778 -180
0 -4564 -628 15500 -130 -757 -185
0 -4552 -592 15608 -88 -748 -186
0 -4560 -608 15560 -122 -750 -178
0 -4560 -596 15528 -111 -775 -165
0 -4568 -612 15456 -113 -741 -168
0 -4556 -596 15560 -102 -715 -154
0 -4576 -624 15380 -125 -746 -165
0 -4620 -608 15428 -97 -706 -140
0 -4584 -624 15580 -140 -736 -152
0 -4580 -556 15440 -123 -736 -113

0 -4992 -516 15760 -143 -858 -166
0 -4404 -584 15324 56 -219 -126
0 -4696 -556 15456 -34 -969 -169
0 -4576 -652 15616 -212 -603 -150
0 -4636 -572 15476 -206 -885 -178
0 -4568 -592 15564 -116 -699 -148
0 -4544 -668 15532 -51 -756 -166
0 -4500 -592 15572 -237 -773 -189
0 -4612 -540 15664 -123 -746 -167
0 -4580 -644 15480 -71 -754 -192
0 -4588 -624 15468 -67 -734 -163
0 -4548 -660 15544 -158 -753 -184
0 -4624 -568 15580 -130 -731 -145
0 -4580 -632 15480 -89 -719 -127
0 -4496 -600 15444 -65 -741 -186
0 -4556 -660 15524 -114 -754 -142
0 -4600 -620 15540 -159 -744 -165
0 -4600 -624 15592 -80 -778 -155
0 -4596 -652 15580 -136 -765 -173
0 -4556 -608 15608 -105 -731 -114
0 -4508 -656 15536 -162 -719 -212
0 -4612 -596 15516 -97 -694 -142
0 -4532 -612 15532 -132 -741 -169
0 -4604 -588 15520 -108 -742 -189
0 -4584 -604 15564 -134 -797 -134
0 -4628 -616 15636 -115 -728 -151
0 -4644 -620 15448 -92 -754 -165
0 -4532 -692 15504 -132 -754 -217
0 -4580 -624 15532 -109 -759 -182
0 -4616 -664 15536 -95 -722 -171
0 -4596 -656 15560 -101 -752 -158
0 -4608 -608 15468 -137 -742 -166
0 -4584 -560 15452 -97 -771 -161
0 -4552 -608 15600 -125 -743 -168
0 -4632 -556 15468 -103 -744 -157
0 -4564 -628 15608 -126 -734 -137
0 -4548 -600 15496 -105 -771 -172
0 -4580 -536 15596 -105 -762 -170
0 -4636 -612 15476 -119 -730 -184
0 -4628 -628 15472 -148 -763 -152
0 -4528 -616 15440 -96 -745 -180
0 -4636 -588 15484 -111 -715 -145
0 -4564 -596 15516 -126 -758 -176
0 -4608 -584 15572 -114 -765 -178
0 -4608 -656 15532 -112 -730 -158
0 -4568 -600 15420 -117 -752 -173
0 -4540 -576 15476 -103 -717 -168
0 -4620 -728 15452 -129 -739 -156
0 -4560 -636 15692 -122 -742 -144
0 -4624 -628 15560 -98 -780 -180
0 -4600 -632 15496 -137 -780 -141
0 -4628 -652 15504 -99 -757 -165
0 -4584 -656 15348 -103 -740 -218
0 -4580 -604 15452 -140 -767 -167
0 -4600 -612 15480 -103 -700 -154
0 -4572 -584 15536 -97 -758 -170
0 -4552 -572 15472 -129 -730 -164
0 -4568 -580 15588 -87 -769 -183
0 -4532 -580 15604 -138 -762 -155
0 -4608 -580 15468 -110 -732 -150
0 -4568 -648 15532 -124 -756 -174
0 -4548 -580 15544 -109 -768 -169
0 -4624 -636 15580 -106 -763 -150
0 -4600 -640 15552 -113 -729 -174
0 -4556 -572 15632 -85 -724 -154
0 -4556 -636 15560 -103 -748 -141
0 -4632 -620 15540 -121 -726 -171
0 -4536 -596 15524 -112 -731 -158
0 -4640 -552 15420 -65 -724 -159
0 -4588 -664 15548 -47 -738 -175
0 -4540 -668 15628 -109 -754 -164
0 -4564 -664 15532 -128 -752 -185
0 -4604 -600 15392 -118 -695 -133
0 -4580 -584 15580 -136 -749 -167
0 -4600 -648 15572 -105 -725 -165

0 -4736 -516 15544 -54 -844 -162
0 -4516 -556 15300 37 -330 -120
0 -4752 -592 15564 -16 -892 -133
0 -4516 -624 15536 -249 -626 -153
0 -4672 -540 15676 -159 -806 -145
0 -4592 -592 15548 -138 -745 -176
0 -4620 -536 15540 -53 -757 -155
0 -4512 -608 15568 -191 -730 -171
0 -4552 -620 15464 -139 -737 -180
0 -4560 -580 15488 -121 -762 -171
0 -4564 -684 15540 -35 -745 -167
0 -4508 -704 15440 -139 -737 -166
0 -4500 -628 15560 -147 -762 -164
0 -4612 -576 15532 -109 -744 -127
0 -4620 -636 15504 -128 -753 -165
0 -4536 -664 15440 -105 -774 -161
0 -4636 -580 15512 -148 -780 -162
0 -4508 -628 15508 -112 -721 -165
0 -4540 -632 15492 -132 -731 -191
0 -4584 -628 15560 -100 -733 -210
0 -4468 -600 15468 -145 -736 -165
0 -4612 -624 15540 -106 -779 -151
0 -4572 -620 15344 -128 -798 -138
0 -4536 -656 15564 -34 -705 -169
0 -4616 -568 15484 -156 -773 -173
0 -4580 -584 15568 -121 -710 -138
0 -4552 -584 15524 -129 -810 -167
0 -4512 -564 15476 -87 -706 -93
0 -4568 -660 15528 -123 -777 -130
0 -4620 -600 15572 -114 -752 -154
0 -4544 -588 15556 -113 -751 -148
0 -4588 -688 15684 -106 -703 -171
0 -4568 -580 15476 -123 -779 -173
0 -4568 -660 15612 -141 -751 -164
0 -4624 -628 15668 -81 -765 -171
0 -4564 -632 15568 -83 -774 -188
0 -4580 -544 15532 -79 -766 -182
0 -4568 -644 15484 -102 -707 -161
0 -4512 -640 15616 -116 -729 -180
0 -4596 -584 15556 -126 -751 -186
0 -4668 -644 15512 -109 -767 -147
0 -4644 -600 15492 -109 -764 -168
0 -4628 -624 15492 -112 -729 -179
0 -4568 -600 15516 -132 -748 -120
0 -4596 -580 15556 -120 -770 -188
0 -4592 -600 15576 -120 -716 -152
0 -4576 -648 15520 -104 -758 -133
0 -4616 -596 15484 -128 -762 -158
0 -4572 -640 15484 -128 -760 -170
0 -4520 -700 15472 -104 -741 -164
0 -4632 -600 15472 -96 -771 -145
0 -4584 -596 15580 -109 -730 -114
0 -4588 -608 15564 -125 -754 -166
0 -4612 -636 15444 -94 -747 -124
0 -4600 -564 15532 -114 -758 -189
0 -4536 -604 15444 -113 -766 -173
0 -4580 -688 15424 -106 -761 -160
0 -4572 -644 15544 -105 -749 -153
0 -4512 -596 15460 -124 -738 -156
0 -4500 -644 15528 -129 -761 -183
0 -4556 -612 15528 -138 -737 -195
0 -4600 -732 15544 -120 -773 -210
0 -4516 -644 15512 -140 -766 -189
0 -4592 -608 15508 -116 -761 -169
0 -4516 -600 15564 -116 -752 -213
0 -4620 -572 15484 -111 -760 -143
0 -4596 -576 15464 -104 -759 -171
0 -4556 -644 15448 -161 -760 -171
0 -4624 -580 15488 -110 -749 -159
0 -4564 -608 15528 -142 -723 -159
0 -4528 -636 15532 -98 -773 -164
0 -4568 -644 15604 -125 -768 -181
0 -4516 -652 15520 -115 -751 -178
0 -4572 -592 15416 -128 -756 -194
0 -4588 -572 15488 -112 -728 -179

0 -4892 -588 15720 -89 -890 -157
0 -4540 -596 15164 52 -140 -58
0 -4712 -564 15584 -25 -1055 -163
0 -4488 -552 15596 -227 -552 -182
0 -4608 -508 15496 -178 -911 -153
0 -4580 -620 15568 -86 -703 -175
0 -4584 -580 15600 -37 -768 -180
0 -4568 -720 15524 -203 -801 -192
0 -4592 -608 15460 -158 -793 -187
0 -4536 -640 15448 -116 -731 -160
0 -4600 -672 15492 -56 -718 -185
0 -4548 -640 15480 -128 -753 -145
0 -4564 -648 15528 -136 -772 -187
0 -4584 -612 15488 -103 -737 -160
0 -4580 -648 15552 -121 -752 -151
0 -4624 -608 15488 -126 -732 -164
0 -4580 -612 15512 -157 -733 -132
0 -4600 -592 15544 -95 -744 -174
0 -4596 -652 15480 -100 -729 -154
0 -4584 -680 15500 -90 -747 -155
0 -4596 -600 15492 -150 -750 -191
0 -4616 -584 15556 -116 -756 -161
0 -4560 -668 15548 -125 -707 -185
0 -4624 -548 15592 -107 -736 -174
0 -4672 -588 15492 -116 -750 -134
0 -4552 -608 15452 -116 -749 -154
0 -4524 -608 15436 -85 -755 -173
0 -4604 -628 15536 -122 -767 -172
0 -4576 -628 15672 -99 -750 -162
0 -4608 -584 15572 -131 -728 -185
0 -4580 -696 15504 -111 -760 -172
0 -4520 -552 15620 -97 -737 -143
0 -4568 -692 15524 -132 -748 -184
0 -4632 -616 15488 -87 -763 -180
0 -4528 -584 15660 -128 -764 -185
0 -4600 -544 15608 -135 -747 -181
0 -4556 -656 15460 -107 -753 -205
0 -4516 -624 15412 -127 -753 -153
0 -4612 -628 15420 -121 -757 -170
0 -4600 -636 15472 -102 -726 -160
0 -4624 -664 15484 -129 -757 -164
0 -4572 -616 15472 -115 -753 -174
0 -4584 -640 15520 -120 -740 -149
0 -4556 -572 15560 -97 -743 -183
0 -4588 -552 15488 -134 -781 -130
0 -4596 -604 15524 -108 -732 -167
0 -4652 -612 15552 -111 -733 -145
0 -4612 -616 15532 -121 -765 -172
0 -4548 -632 15592 -94 -747 -171
0 -4652 -644 15448 -118 -768 -154
0 -4524 -592 15472 -109 -746 -138
0 -4608 -644 15512 -132 -766 -171
0 -4596 -636 15460 -105 -768 -151
0 -4556 -640 15620 -85 -739 -154
0 -4596 -624 15456 -122 -755 -188
0 -4516 -616 15616 -109 -741 -194
0 -4528 -568 15440 -107 -735 -142
0 -4568 -680 15464 -75 -779 -169
0 -4576 -656 15456 -93 -711 -173
0 -4632 -644 15416 -150 -716 -171
0 -4564 -668 15524 -106 -811 -200
0 -4564 -584 15492 -124 -702 -149
0 -4624 -652 15552 -117 -763 -174
0 -4572 -688 15612 -155 -708 -150
0 -4564 -672 15628 -238 -872 -180
0 -4580 -576 15492 -95 -659 -167
0 -4556 -620 15520 -57 -803 -168
0 -4624 -616 15548 -131 -680 -151
0 -4556 -588 15516 -122 -804 -148
0 -4636 -600 15616 -142 -760 -163
0 -4640 -612 15520 -67 -737 -162
0 -4664 -596 15492 -125 -749 -161
0 -4528 -624 15596 -161 -768 -179
0 -4528 -556 15400 -112 -739 -145
0 -4584 -628 15520 -70 -761 -163

0 -4600 -660 15604 54 -901 -159
0 -4624 -656 15404 -76 -563 -150
0 -4496 -628 15436 -226 -950 -160
0 -4664 -604 15588 3 -570 -191
0 -4612 -680 15552 -84 -874 -136
0 -4532 -616 15600 -75 -618 -158
0 -4600 -588 15472 -236 -878 -182
0 -4600 -624 15600 -32 -641 -178
0 -4620 -632 15444 -111 -821 -177
0 -4640 -652 15532 -128 -733 -118
0 -4592 -668 15528 -180 -789 -200
0 -4636 -592 15488 -76 -722 -189
0 -4580 -608 15556 -93 -753 -164
0 -4576 -640 15512 -141 -718 -160
0 -4524 -696 15564 -138 -755 -184
0 -4592 -656 15560 -117 -771 -144
0 -4588 -604 15480 -115 -754 -172
0 -4584 -580 15564 -154 -730 -144
0 -4580 -596 15540 -100 -724 -142
0 -4644 -600 15472 -93 -731 -135
0 -4608 -664 15560 -112 -746 -170
0 -4584 -604 15612 -152 -760 -166
0 -4592 -612 15580 -85 -760 -162
0 -4584 -532 15496 -104 -725 -144
0 -4604 -612 15560 -113 -722 -162
0 -4600 -620 15480 -135 -746 -152
0 -4608 -616 15528 -133 -738 -150
0 -4592 -588 15396 -117 -747 -211
0 -4548 -616 15516 -123 -709 -149
0 -4548 -508 15516 -89 -776 -153
0 -4532 -556 15472 -106 -742 -155
0 -4552 -628 15596 -99 -729 -177
0 -4636 -548 15468 -162 -765 -172
0 -4640 -608 15532 -129 -744 -177
0 -4632 -636 15544 -140 -758 -178
0 -4604 -624 15568 -93 -731 -162
0 -4584 -616 15520 -128 -727 -150
0 -4604 -576 15596 -114 -748 -170
0 -4604 -628 15592 -127 -739 -177
0 -4524 -600 15632 -81 -711 -147
0 -4568 -672 15484 -143 -740 -163
0 -4568 -584 15524 -118 -731 -202
0 -4560 -584 15540 -101 -738 -186
0 -4572 -644 15492 -110 -724 -160
0 -4548 -608 15360 -122 -758 -149
0 -4664 -644 15564 -103 -772 -163
0 -4532 -624 15452 -131 -766 -187
0 -4572 -632 15404 -87 -775 -164
0 -4544 -680 15496 -121 -742 -150
0 -4560 -640 15484 -115 -749 -158
0 -4616 -580 15580 -132 -743 -164
0 -4552 -624 15592 -67 -739 -156
0 -4560 -644 15512 -143 -747 -195
0 -4632 -616 15532 -114 -741 -174
0 -4600 -628 15444 -108 -715 -192
0 -4576 -612 15584 -125 -701 -178
0 -4520 -640 15624 -132 -747 -178
0 -4564 -600 15536 -98 -733 -148
0 -4516 -672 15452 -145 -743 -179
0 -4584 -644 15564 -103 -737 -174
0 -4540 -620 15624 -126 -729 -150
0 -4600 -596 15396 -112 -717 -186
0 -4620 -604 15452 -111 -764 -177
0 -4548 -560 15512 -85 -769 -188
0 -4560 -612 15584 -86 -745 -159
0 -4592 -572 15484 -137 -767 -179
0 -4604 -656 15552 -115 -745 -190
0 -4560 -568 15516 -126 -748 -142
0 -4552 -580 15592 -120 -720 -159
0 -4604 -592 15524 -135 -729 -163
0 -4516 -660 15516 -116 -753 -153
0 -4592 -580 15536 -155 -751 -129
0 -4592 -632 15536 -96 -746 -166
0 -4568 -604 15488 -134 -740 -176
0 -4576 -572 15568 -77 -735 -160

0 -4656 -648 15480 -105 -797 -199
0 -4340 -692 15668 157 -152 -85
0 -4756 -580 15412 -62 -903 -181
0 -4536 -604 15548 -204 -682 -166
0 -4720 -580 15428 -125 -807 -182
0 -4588 -616 15584 -86 -770 -171
0 -4688 -532 15456 -57 -771 -162
0 -4564 -600 15564 -210 -836 -217
0 -4632 -624 15600 -132 -693 -167
0 -4664 -608 15308 -135 -731 -180
0 -4568 -644 15448 -78 -731 -117
0 -4576 -576 15404 -144 -723 -190
0 -4664 -516 15496 -149 -740 -143
0 -4604 -644 15516 -100 -741 -173
0 -4528 -668 15488 -83 -714 -164
0 -4616 -600 15532 -139 -729 -156
0 -4616 -624 15604 -122 -758 -165
0 -4584 -604 15532 -107 -757 -176
0 -4592 -584 15444 -106 -757 -168
0 -4676 -596 15536 -99 -730 -173
0 -4552 -664 15452 -162 -731 -183
0 -4588 -620 15556 -139 -728 -187
0 -4584 -620 15348 -106 -735 -152
0 -4592 -668 15568 -96 -707 -155
0 -4556 -632 15464 -153 -757 -145
0 -4564 -588 15540 -80 -717 -158
0 -4652 -612 15440 -125 -743 -170
0 -4588 -592 15476 -89 -772 -160
0 -4548 -652 15428 -96 -768 -132
0 -4544 -632 15532 -123 -739 -164
0 -4592 -652 15476 -143 -795 -142
0 -4600 -616 15652 -113 -715 -162
0 -4524 -632 15428 -107 -777 -202
0 -4564 -656 15548 -153 -736 -174
0 -4596 -624 15568 -114 -782 -179
0 -4568 -612 15480 -86 -709 -145
0 -4644 -568 15580 -115 -780 -186
0 -4576 -616 15496 -155 -758 -145
0 -4556 -608 15548 -103 -739 -162
0 -4596 -672 15544 -121 -743 -141
0 -4596 -640 15452 -103 -748 -166
0 -4612 -568 15472 -116 -743 -176
0 -4576 -620 15584 -126 -757 -133
0 -4632 -588 15512 -110 -753 -188
0 -4588 -632 15616 -128 -747 -201
0 -4616 -692 15500 -98 -756 -192
0 -4552 -644 15520 -96 -754 -177
0 -4576 -624 15476 -109 -779 -203
0 -4608 -568 15596 -106 -715 -155
0 -4576 -568 15492 -89 -748 -149
0 -4580 -564 15660 -148 -736 -190
0 -4592 -588 15488 -83 -752 -181
0 -4640 -640 15496 -106 -751 -167
0 -4596 -640 15464 -115 -726 -184
0 -4572 -572 15532 -68 -756 -165
0 -4536 -652 15372 -105 -728 -168
0 -4608 -608 15480 -127 -770 -203
0 -4576 -660 15524 -94 -743 -188
0 -4600 -588 15500 -142 -758 -180
0 -4556 -600 15564 -114 -729 -172
0 -4612 -620 15480 -102 -723 -193
0 -4540 -688 15536 -128 -725 -205
0 -4616 -560 15540 -118 -781 -167
0 -4524 -628 15480 -135 -743 -157
0 -4616 -520 15432 -131 -760 -137
0 -4572 -548 15560 -117 -742 -144
0 -4612 -604 15448 -127 -708 -192
0 -4652 -596 15652 -139 -779 -145
0 -4576 -660 15512 -93 -754 -141
0 -4652 -632 15612 -118 -766 -172
0 -4580 -568 15460 -128 -761 -180
0 -4648 -596 15572 -99 -781 -165
0 -4624 -560 15632 -112 -734 -181
0 -4568 -584 15492 -123 -736 -158
0 -4556 -584 15460 -131 -724 -191

0 -4932 -652 15860 -150 -914 -184
0 -4704 -444 15164 33 -364 -135
0 -4712 -524 15620 9 -1000 -201
0 -4592 -592 15552 -220 -554 -172
0 -4588 -576 15520 -229 -915 -189
0 -4548 -584 15472 -123 -661 -165
0 -4496 -608 15376 -44 -877 -207
0 -4568 -744 15572 -159 -636 -163
0 -4564 -544 15484 -158 -792 -181
0 -4580 -576 15556 -70 -679 -130
0 -4604 -640 15448 -101 -752 -165
0 -4600 -640 15460 -134 -685 -142
0 -4692 -596 15540 -172 -754 -166
0 -4612 -560 15488 -111 -741 -140
0 -4560 -620 15508 -95 -755 -184
0 -4564 -600 15468 -115 -704 -144
0 -4656 -628 15548 -182 -748 -164
0 -4616 -616 15508 -135 -740 -169
0 -4600 -668 15592 -92 -743 -191
0 -4592 -608 15452 -104 -710 -159
0 -4628 -708 15520 -145 -744 -161
0 -4524 -632 15468 -107 -698 -175
0 -4568 -632 15496 -83 -758 -154
0 -4596 -600 15480 -151 -750 -166
0 -4512 -608 15548 -82 -711 -175
0 -4540 -604 15516 -118 -761 -147
0 -4576 -644 15548 -111 -727 -196
0 -4596 -564 15572 -111 -730 -186
0 -4560 -616 15480 -154 -748 -174
0 -4612 -584 15588 -116 -760 -177
0 -4624 -580 15468 -103 -751 -162
0 -4616 -660 15544 -117 -733 -158
0 -4552 -624 15476 -127 -728 -165
0 -4592 -684 15508 -125 -728 -164
0 -4560 -580 15528 -108 -780 -208
0 -4572 -664 15468 -98 -766 -144
0 -4572 -636 15484 -147 -747 -147
0 -4516 -580 15568 -117 -745 -152
0 -4584 -584 15488 -128 -745 -188
0 -4592 -600 15532 -97 -726 -203
0 -4588 -552 15476 -104 -725 -183
0 -4588 -636 15520 -113 -762 -157
0 -4620 -652 15508 -130 -732 -156
0 -4584 -640 15540 -129 -726 -141
0 -4628 -648 15624 -134 -742 -119
0 -4584 -572 15432 -93 -721 -132
0 -4576 -636 15584 -112 -756 -139
0 -4580 -612 15488 -113 -746 -129
0 -4612 -588 15452 -112 -717 -169
0 -4544 -652 15520 -140 -760 -183
0 -4628 -608 15512 -104 -729 -199
0 -4584 -644 15508 -106 -738 -192
0 -4572 -584 15592 -119 -742 -165
0 -4572 -588 15480 -133 -765 -162
0 -4596 -652 15540 -124 -761 -147
0 -4584 -600 15536 -111 -709 -178
0 -4628 -576 15452 -143 -722 -162
0 -4556 -660 15532 -103 -728 -217
0 -4588 -588 15556 -124 -742 -154
0 -4532 -636 15444 -127 -744 -180
0 -4604 -636 15556 -114 -724 -176
0 -4640 -692 15504 -110 -725 -145
0 -4580 -676 15504 -100 -740 -200
0 -4612 -584 15564 -81 -733 -144
0 -4596 -648 15576 -106 -740 -164
0 -4576 -616 15420 -130 -752 -176
0 -4556 -540 15428 -119 -750 -163
0 -4608 -584 15568 -146 -768 -160
0 -4612 -656 15516 -105 -756 -143
0 -4560 -620 15600 -90 -741 -129
0 -4600 -660 15464 -89 -749 -184
0 -4596 -608 15524 -100 -814 -201
0 -4620 -656 15400 -137 -716 -179
0 -4608 -644 15456 -82 -743 -176
0 -4636 -596 15420 -118 -716 -190

0 -4736 -532 15668 -106 -927 -208
0 -4552 -592 15412 75 -218 -91
0 -4776 -536 15624 7 -957 -158
0 -4484 -524 15500 -164 -575 -193
0 -4664 -528 15556 -224 -888 -159
0 -4616 -580 15552 -150 -699 -155
0 -4716 -624 15540 -73 -721 -139
0 -4616 -608 15584 -229 -782 -204
0 -4588 -548 15572 -152 -713 -134
0 -4520 -644 15500 -110 -753 -157
0 -4524 -624 15544 -47 -726 -101
0 -4524 -560 15436 -101 -699 -137
0 -4600 -600 15532 -132 -744 -180
0 -4632 -612 15520 -89 -684 -167
0 -4616 -596 15540 -92 -738 -183
0 -4608 -636 15528 -96 -753 -143
0 -4572 -668 15440 -142 -760 -206
0 -4548 -636 15624 -148 -735 -178
0 -4652 -636 15520 -190 -808 -190
0 -4616 -636 15624 -52 -744 -150
0 -4592 -636 15504 -135 -783 -176
0 -4580 -572 15480 -101 -721 -161
0 -4568 -660 15500 -169 -748 -202
0 -4552 -604 15528 -85 -729 -170
0 -4584 -624 15504 -109 -744 -139
0 -4600 -664 15420 -121 -729 -159
0 -4620 -648 15632 -113 -755 -145
0 -4640 -552 15620 -122 -745 -121
0 -4628 -616 15520 -89 -742 -196
0 -4600 -588 15464 -124 -752 -141
0 -4636 -612 15392 -112 -731 -114
0 -4552 -596 15592 -120 -764 -174
0 -4572 -588 15576 -119 -728 -164
0 -4548 -640 15560 -109 -742 -159
0 -4600 -620 15520 -115 -738 -165
0 -4584 -584 15464 -108 -740 -151
0 -4644 -564 15484 -94 -757 -178
0 -4568 -628 15532 -115 -716 -171
0 -4540 -664 15568 -113 -728 -152
0 -4544 -648 15588 -117 -715 -154
0 -4560 -580 15532 -133 -714 -159
0 -4580 -588 15556 -153 -789 -192
0 -4560 -584 15544 -151 -744 -158
0 -4616 -612 15632 -126 -758 -187
0 -4636 -580 15448 -130 -734 -214
0 -4488 -596 15560 -102 -720 -213
0 -4604 -656 15560 -101 -762 -156
0 -4568 -636 15464 -90 -761 -172
0 -4612 -584 15608 -123 -735 -171
0 -4536 -620 15596 -118 -753 -173
0 -4588 -632 15540 -95 -730 -220
0 -4632 -672 15452 -81 -756 -195
0 -4616 -656 15484 -124 -751 -122
0 -4584 -572 15524 -128 -720 -160
0 -4648 -628 15496 -172 -743 -171
0 -4604 -556 15552 -97 -728 -201
0 -4664 -600 15556 -109 -753 -178
0 -4628 -612 15620 -114 -733 -170
0 -4580 -568 15440 -110 -732 -187
0 -4592 -604 15564 -102 -746 -163
0 -4552 -616 15584 -133 -785 -200
0 -4648 -580 15612 -103 -791 -180
0 -4580 -608 15508 -133 -741 -197
0 -4608 -592 15504 -95 -743 -144
0 -4552 -556 15516 -128 -752 -181
0 -4616 -652 15508 -97 -771 -174
0 -4572 -596 15548 -104 -759 -175
0 -4568 -600 15444 -110 -734 -153
0 -4600 -612 15524 -144 -745 -159
0 -4576 -600 15584 -109 -722 -143
0 -4628 -624 15580 -94 -745 -180
0 -4496 -664 15600 -111 -768 -163
0 -4584 -608 15512 -90 -775 -155
0 -4560 -584 15460 -105 -700 -151
0 -4544 -584 15468 -155 -771 -183

0 -4688 -480 15436 -100 -829 -220
0 -4368 -660 15160 121 -62 -86
0 -4764 -644 15572 -43 -958 -140
0 -4488 -556 15668 -215 -554 -166
0 -4684 -484 15552 -221 -960 -186
0 -4628 -616 15604 -89 -655 -195
0 -4576 -584 15416 -96 -882 -167
0 -4512 -668 15624 -209 -688 -149
0 -4612 -560 15604 -162 -815 -137
0 -4480 -716 15472 -101 -716 -156
0 -4628 -648 15544 -79 -742 -123
0 -4596 -536 15540 -111 -742 -169
0 -4560 -560 15528 -128 -740 -186
0 -4524 -588 15460 -90 -730 -174
0 -4600 -636 15596 -81 -768 -164
0 -4572 -584 15544 -125 -740 -168
0 -4612 -596 15496 -125 -751 -149
0 -4572 -584 15504 -69 -761 -171
0 -4612 -560 15424 -98 -758 -181
0 -4560 -636 15424 -79 -715 -195
0 -4600 -616 15464 -122 -745 -147
0 -4640 -604 15620 -104 -725 -172
0 -4596 -624 15480 -116 -787 -185
0 -4628 -696 15500 -99 -745 -148
0 -4652 -616 15496 -105 -731 -167
0 -4580 -588 15480 -100 -727 -174
0 -4560 -624 15568 -113 -743 -137
0 -4592 -628 15628 -115 -770 -174
0 -4576 -660 15508 -121 -774 -174
0 -4600 -660 15560 -137 -737 -219
0 -4576 -588 15512 -108 -742 -147
0 -4576 -600 15384 -110 -739 -195
0 -4584 -616 15552 -118 -735 -170
0 -4620 -624 15552 -110 -723 -156
0 -4636 -592 15512 -137 -738 -177
0 -4540 -616 15520 -132 -742 -155
0 -4548 -616 15516 -103 -750 -150
0 -4660 -596 15440 -133 -768 -169
0 -4532 -644 15448 -115 -759 -136
0 -4576 -680 15452 -72 -731 -146
0 -4584 -628 15616 -105 -758 -138
0 -4564 -632 15536 -130 -781 -142
0 -4568 -652 15496 -93 -753 -191
0 -4556 -648 15392 -79 -738 -165
0 -4620 -652 15532 -109 -762 -186
0 -4572 -616 15548 -143 -733 -166
0 -4552 -656 15428 -140 -758 -181
0 -4548 -600 15640 -93 -713 -189
0 -4612 -596 15544 -137 -753 -198
0 -4592 -580 15432 -100 -731 -179
0 -4596 -636 15516 -101 -771 -157
0 -4592 -640 15604 -118 -743 -189
0 -4576 -668 15468 -114 -743 -171
0 -4552 -632 15452 -134 -777 -163
0 -4576 -568 15504 -85 -739 -129
0 -4640 -584 15524 -118 -737 -156
0 -4596 -596 15456 -131 -724 -165
0 -4612 -600 15528 -120 -746 -186
0 -4580 -568 15564 -109 -737 -158
0 -4596 -680 15544 -95 -796 -159
0 -4600 -560 15432 -136 -752 -199
0 -4556 -548 15452 -117 -785 -186
0 -4604 -540 15452 -111 -734 -186
0 -4600 -600 15540 -140 -731 -172
0 -4612 -696 15504 -122 -741 -172
0 -4552 -548 15584 -109 -729 -139
0 -4532 -624 15448 -129 -725 -160
0 -4568 -648 15424 -140 -726 -174
0 -4596 -580 15452 -82 -754 -199
0 -4564 -600 15564 -92 -742 -153
0 -4628 -584 15480 -123 -741 -154
0 -4584 -624 15552 -108 -756 -156
0 -4552 -632 15532 -141 -749 -152
0 -4556 -604 15568 -115 -732 -173
0 -4552 -576 15480 -90 -760 -166

0 -4568 -668 15632 -151 -657 -153
0 -4592 -560 15528 -163 -825 -183
0 -4600 -560 15616 -9 -689 -141
0 -4572 -624 15380 -148 -818 -182
0 -4576 -596 15640 -145 -717 -139
0 -4584 -660 15488 -111 -773 -173
0 -4588 -644 15556 -56 -701 -150
0 -4664 -724 15624 -120 -771 -165
0 -4600 -512 15456 -133 -721 -166
0 -4616 -656 15556 -119 -758 -196
0 -4564 -660 15608 -110 -753 -186
0 -4544 -576 15548 -126 -748 -168
0 -4564 -624 15492 -112 -740 -149
0 -4540 -528 15528 -100 -785 -158
0 -4636 -672 15548 -120 -735 -184
0 -4652 -596 15668 -108 -755 -142
0 -4552 -616 15512 -147 -718 -124
0 -4528 -640 15460 -98 -756 -184
0 -4568 -636 15560 -128 -698 -163
0 -4604 -604 15504 -116 -756 -167
0 -4596 -556 15532 -128 -759 -179
0 -4588 -556 15572 -82 -744 -183
0 -4580 -628 15628 -101 -766 -173
0 -4556 -592 15544 -123 -711 -208
0 -4672 -660 15584 -120 -746 -146
0 -4540 -596 15568 -127 -766 -138
0 -4536 -592 15456 -105 -731 -161
0 -4636 -600 15552 -92 -748 -168
0 -4616 -624 15460 -105 -797 -182
0 -4604 -612 15476 -106 -716 -156
0 -4596 -608 15528 -151 -743 -200
0 -4572 -676 15588 -108 -749 -170
0 -4548 -572 15528 -108 -753 -181
0 -4572 -632 15572 -129 -764 -163
0 -4536 -568 15528 -117 -731 -188
0 -4560 -544 15504 -113 -738 -139
0 -4572 -632 15552 -108 -751 -157
0 -4700 -600 15624 -109 -736 -200
0 -4584 -668 15604 -116 -743 -140
0 -4596 -644 15508 -124 -719 -118
0 -4544 -640 15432 -98 -756 -165
0 -4636 -608 15520 -125 -751 -176
0 -4580 -624 15528 -102 -726 -184
0 -4648 -628 15488 -135 -760 -164
0 -4568 -588 15512 -106 -717 -181
0 -4592 -624 15560 -133 -768 -184
0 -4584 -604 15524 -116 -757 -171
0 -4584 -612 15532 -128 -740 -112
0 -4536 -664 15660 -88 -737 -171
0 -4568 -588 15520 -115 -756 -193
0 -4604 -700 15452 -138 -736 -187
0 -4572 -652 15512 -116 -729 -145
0 -4552 -628 15532 -125 -716 -150
0 -4588 -640 15456 -95 -749 -186
0 -4564 -612 15488 -128 -732 -160
0 -4632 -588 15588 -132 -751 -206
0 -4560 -632 15464 -132 -729 -139
0 -4632 -704 15588 -100 -736 -169
0 -4584 -628 15540 -79 -750 -153
0 -4584 -728 15528 -81 -745 -149
0 -4628 -644 15620 -112 -724 -164
0 -4600 -568 15564 -118 -721 -161
0 -4624 -548 15488 -124 -771 -157
0 -4564 -608 15568 -106 -728 -175
0 -4596 -584 15492 -116 -747 -168
0 -4628 -612 15480 -94 -755 -176
0 -4548 -628 15532 -79 -731 -147
0 -4524 -556 15488 -117 -740 -175
0 -4596 -580 15448 -122 -758 -147
0 -4568 -628 15452 -86 -775 -168
0 -4620 -620 15584 -137 -718 -150
0 -4608 -648 15456 -147 -760 -167
0 -4592 -672 15536 -142 -761 -158
0 -4576 -616 15468 -102 -734 -187
0 -4572 -596 15548 -104 -751 -189

0 -4624 -576 15524 -102 -826 -187
0 -4332 -764 15580 70 -254 -116
0 -4728 -608 15484 -67 -930 -147
0 -4544 -608 15656 -188 -607 -166
0 -4616 -508 15432 -149 -845 -186
0 -4560 -576 15608 -100 -720 -191
0 -4648 -572 15424 -70 -762 -147
0 -4544 -576 15472 -180 -745 -197
0 -4664 -588 15536 -101 -733 -128
0 -4568 -584 15528 -119 -762 -151
0 -4616 -592 15568 -66 -704 -141
0 -4620 -556 15536 -121 -761 -178
0 -4564 -628 15580 -102 -699 -182
0 -4564 -644 15508 -100 -748 -160
0 -4548 -632 15596 -107 -758 -187
0 -4576 -668 15544 -106 -745 -154
0 -4620 -592 15456 -120 -720 -199
0 -4584 -640 15560 -119 -762 -202
0 -4580 -588 15504 -124 -772 -133
0 -4616 -636 15540 -76 -766 -129
0 -4632 -616 15588 -130 -740 -188
0 -4588 -628 15484 -103 -756 -164
0 -4664 -664 15560 -115 -738 -191
0 -4644 -624 15444 -86 -750 -169
0 -4568 -640 15476 -162 -732 -166
0 -4552 -544 15368 -85 -730 -127
0 -4512 -576 15484 -128 -762 -173
0 -4552 -592 15552 -108 -740 -163
0 -4600 -628 15532 -89 -751 -172
0 -4656 -640 15488 -100 -764 -172
0 -4548 -608 15420 -113 -722 -190
0 -4636 -592 15608 -99 -741 -174
0 -4484 -636 15644 -125 -774 -183
0 -4560 -616 15572 -123 -761 -149
0 -4604 -708 15412 -116 -732 -173
0 -4604 -608 15468 -106 -749 -171
0 -4556 -652 15564 -114 -730 -161
0 -4560 -608 15504 -94 -736 -155
0 -4588 -580 15520 -120 -746 -204
0 -4580 -616 15508 -122 -727 -173
0 -4620 -616 15592 -111 -750 -145
0 -4552 -612 15428 -111 -742 -170
0 -4596 -660 15724 -146 -762 -164
0 -4636 -628 15456 -118 -725 -150
0 -4608 -672 15548 -99 -766 -178
0 -4568 -608 15576 -117 -740 -142
0 -4620 -596 15532 -100 -735 -139
0 -4628 -636 15496 -79 -735 -185
0 -4544 -596 15464 -113 -754 -145
0 -4640 -668 15444 -140 -711 -150
0 -4584 -612 15524 -94 -739 -177
0 -4604 -612 15416 -102 -763 -175
0 -4636 -616 15620 -95 -728 -166
0 -4600 -592 15508 -117 -756 -141
0 -4596 -628 15516 -121 -737 -149
0 -4552 -656 15524 -140 -708 -197
0 -4592 -608 15608 -125 -776 -157
0 -4624 -632 15520 -112 -737 -159
0 -4636 -648 15480 -131 -765 -162
0 -4592 -556 15424 -122 -733 -162
0 -4568 -604 15588 -102 -735 -162
0 -4576 -576 15524 -117 -741 -178
0 -4612 -564 15608 -111 -751 -175
0 -4576 -644 15584 -111 -752 -166
0 -4572 -584 15508 -116 -757 -165
0 -4636 -652 15568 -104 -728 -158
0 -4588 -628 15560 -72 -767 -178
0 -4552 -616 15540 -89 -728 -180
0 -4604 -608 15520 -92 -745 -152
0 -4564 -664 15432 -106 -749 -174
0 -4608 -664 15568 -114 -754 -173
0 -4580 -612 15596 -124 -743 -155
0 -4596 -668 15480 -112 -760 -187
0 -4592 -572 15432 -108 -737 -183
0 -4588 -600 15532 -109 -746 -170

0 -4504 -548 15980 -131 -755 -155
0 -4732 -460 15228 -186 -912 -217
0 -4584 -676 15592 -12 -841 -137
0 -4624 -644 15352 -196 -793 -169
0 -4496 -624 15696 -203 -791 -181
0 -4580 -572 15408 -146 -729 -167
0 -4556 -656 15596 -4 -755 -132
0 -4596 -700 15536 -77 -661 -164
0 -4524 -604 15564 -134 -759 -157
0 -4512 -572 15624 -152 -716 -183
0 -4600 -616 15616 -97 -770 -173
0 -4508 -592 15568 -87 -730 -122
0 -4572 -648 15524 -130 -737 -168
0 -4540 -560 15504 -103 -731 -146
0 -4608 -608 15608 -125 -768 -168
0 -4576 -580 15412 -94 -752 -141
0 -4572 -564 15428 -131 -773 -148
0 -4600 -676 15580 -100 -746 -184
0 -4584 -604 15584 -122 -735 -155
0 -4588 -580 15596 -80 -763 -158
0 -4572 -588 15484 -116 -778 -145
0 -4596 -604 15528 -101 -756 -176
0 -4620 -556 15572 -116 -761 -150
0 -4564 -656 15608 -123 -743 -175
0 -4608 -636 15564 -115 -761 -159
0 -4588 -648 15596 -101 -743 -179
0 -4608 -536 15600 -101 -739 -149
0 -4592 -652 15524 -154 -757 -151
0 -4568 -640 15536 -121 -769 -167
0 -4560 -592 15484 -104 -759 -171
0 -4636 -664 15544 -92 -765 -174
0 -4616 -664 15536 -119 -736 -162
0 -4580 -552 15572 -78 -735 -160
0 -4592 -584 15684 -116 -746 -140
0 -4548 -572 15440 -146 -767 -177
0 -4560 -596 15520 -129 -740 -149
0 -4604 -592 15520 -102 -722 -190
0 -4584 -588 15504 -126 -741 -170
0 -4516 -620 15472 -115 -761 -196
0 -4540 -600 15612 -123 -739 -153
0 -4552 -624 15476 -112 -757 -188
0 -4580 -612 15484 -129 -753 -137
0 -4576 -696 15516 -148 -737 -183
0 -4640 -592 15468 -110 -772 -189
0 -4552 -700 15552 -118 -716 -174
0 -4628 -596 15448 -134 -780 -134
0 -4608 -612 15484 -130 -768 -161
0 -4584 -536 15472 -117 -735 -168
0 -4616 -580 15476 -140 -738 -187
0 -4580 -572 15544 -113 -790 -182
0 -4576 -624 15540 -106 -747 -144
0 -4584 -644 15524 -111 -754 -164
0 -4636 -592 15564 -123 -740 -168
0 -4612 -596 15552 -89 -744 -205
0 -4572 -552 15616 -133 -759 -173
0 -4592 -644 15448 -102 -731 -175
0 -4496 -624 15520 -108 -777 -170
0 -4564 -660 15448 -123 -731 -137
0 -4596 -616 15488 -129 -743 -176
0 -4568 -608 15424 -102 -730 -145
0 -4608 -684 15452 -145 -758 -162
0 -4660 -604 15448 -126 -749 -141
0 -4628 -608 15584 -125 -737 -167
0 -4668 -572 15552 -119 -746 -147
0 -4580 -656 15488 -120 -743 -156
0 -4532 -660 15524 -121 -726 -153
0 -4612 -592 15576 -96 -755 -125
0 -4604 -588 15552 -119 -717 -165
0 -4568 -608 15448 -147 -733 -159
0 -4576 -636 15376 -146 -749 -176
0 -4572 -604 15568 -103 -779 -175
0 -4584 -616 15536 -106 -746 -158
0 -4568 -720 15552 -119 -777 -175
0 -4628 -668 15444 -79 -768 -165
0 -4616 -596 15512 -140 -749 -143

0 -4716 -584 15584 -114 -835 -200
0 -4520 -576 15308 -15 -320 -106
0 -4712 -592 15656 -70 -989 -162
0 -4544 -592 15584 -208 -589 -140
0 -4672 -496 15584 -199 -864 -196
0 -4524 -684 15612 -135 -714 -184
0 -4576 -592 15532 15 -739 -175
0 -4568 -672 15584 -149 -663 -155
0 -4524 -592 15516 -174 -829 -160
0 -4572 -552 15568 -92 -753 -182
0 -4572 -628 15592 -83 -768 -169
0 -4608 -672 15464 -114 -711 -161
0 -4532 -644 15552 -160 -758 -199
0 -4608 -560 15548 -131 -733 -153
0 -4540 -620 15596 -97 -748 -144
0 -4616 -616 15536 -116 -755 -187
0 -4536 -588 15552 -178 -770 -183
0 -4624 -628 15560 -92 -764 -158
0 -4628 -608 15540 -96 -771 -187
0 -4564 -508 15448 -112 -704 -152
0 -4512 -632 15468 -116 -733 -194
0 -4560 -604 15592 -120 -756 -167
0 -4532 -652 15516 -102 -743 -142
0 -4624 -612 15484 -97 -753 -170
0 -4524 -544 15512 -107 -745 -180
0 -4556 -576 15496 -121 -753 -159
0 -4572 -588 15520 -107 -739 -155
0 -4592 -556 15464 -123 -758 -146
0 -4600 -604 15492 -87 -765 -134
0 -4612 -672 15468 -136 -764 -173
0 -4572 -660 15508 -124 -730 -171
0 -4536 -700 15460 -111 -724 -161
0 -4540 -660 15592 -124 -723 -167
0 -4540 -628 15576 -128 -744 -174
0 -4608 -600 15516 -61 -745 -195
0 -4588 -668 15576 -107 -762 -163
0 -4580 -608 15512 -99 -756 -138
0 -4524 -612 15528 -125 -758 -161
0 -4648 -668 15500 -90 -727 -189
0 -4592 -560 15484 -113 -718 -177
0 -4648 -636 15548 -101 -747 -167
0 -4592 -548 15480 -119 -743 -183
0 -4612 -636 15564 -117 -740 -199
0 -4620 -564 15504 -140 -690 -174
0 -4532 -684 15608 -109 -750 -125
0 -4560 -508 15496 -104 -729 -166
0 -4624 -568 15536 -110 -740 -132
0 -4640 -584 15456 -99 -760 -142
0 -4524 -620 15540 -159 -747 -176
0 -4584 -608 15496 -122 -736 -187
0 -4624 -604 15544 -115 -757 -163
0 -4588 -628 15632 -105 -756 -153
0 -4636 -600 15592 -143 -754 -152
0 -4592 -584 15452 -117 -743 -139
0 -4628 -612 15512 -99 -743 -189
0 -4608 -620 15540 -119 -774 -199
0 -4612 -620 15536 -110 -736 -219
0 -4612 -600 15472 -122 -754 -206
0 -4556 -624 15556 -127 -732 -172
0 -4668 -568 15556 -129 -755 -204
0 -4556 -572 15468 -97 -747 -145
0 -4572 -612 15484 -114 -783 -161
0 -4600 -556 15488 -111 -731 -180
0 -4588 -592 15552 -105 -784 -144
0 -4612 -600 15500 -102 -745 -164
0 -4616 -628 15592 -109 -750 -164
0 -4508 -584 15632 -100 -761 -194
0 -4600 -588 15560 -102 -737 -149
0 -4556 -616 15576 -120 -766 -179
0 -4596 -616 15536 -112 -740 -186
0 -4608 -636 15440 -137 -756 -145
0 -4664 -596 15576 -120 -738 -172
0 -4572 -640 15480 -106 -763 -121
0 -4600 -624 15496 -105 -782 -148
0 -4544 -564 15548 -153 -736 -183

0 -4816 -528 15536 -463 -1336 -140
0 -4428 -540 15604 99 -519 -104
0 -4664 -644 15332 -161 -1066 -187
0 -4496 -680 15536 -163 -590 -129
0 -4604 -588 15388 -171 -810 -160
0 -4564 -536 15512 -53 -583 -124
0 -4692 -648 15536 -20 -766 -190
0 -4568 -640 15500 -199 -696 -197
0 -4636 -652 15464 -129 -815 -221
0 -4568 -608 15548 -144 -721 -158
0 -4616 -640 15468 -39 -731 -201
0 -4564 -616 15520 -149 -759 -181
0 -4612 -648 15524 -125 -779 -113
0 -4644 -616 15560 -129 -709 -167
0 -4588 -692 15556 -46 -738 -132
0 -4604 -608 15600 -107 -732 -185
0 -4636 -644 15520 -118 -738 -135
0 -4604 -596 15528 -129 -770 -161
0 -4504 -676 15492 -84 -736 -189
0 -4544 -640 15468 -130 -722 -194
0 -4564 -616 15540 -127 -772 -199
0 -4640 -636 15456 -110 -731 -123
0 -4588 -648 15592 -106 -744 -173
0 -4560 -608 15492 -152 -722 -172
0 -4592 -632 15508 -134 -757 -174
0 -4644 -624 15472 -105 -745 -175
0 -4584 -648 15480 -108 -757 -170
0 -4612 -664 15536 -94 -762 -170
0 -4628 -636 15508 -122 -714 -143
0 -4556 -640 15472 -117 -779 -159
0 -4600 -628 15500 -123 -760 -203
0 -4568 -560 15564 -95 -760 -170
0 -4612 -592 15576 -105 -740 -170
0 -4560 -532 15508 -106 -731 -167
0 -4572 -580 15684 -94 -740 -173
0 -4568 -660 15524 -99 -728 -201
0 -4580 -596 15548 -107 -770 -177
0 -4592 -616 15580 -149 -738 -130
0 -4552 -640 15512 -121 -755 -179
0 -4568 -596 15596 -130 -738 -147
0 -4652 -592 15508 -86 -734 -172
0 -4536 -616 15564 -94 -730 -194
0 -4576 -644 15544 -93 -725 -138
0 -4592 -600 15528 -103 -721 -164
0 -4624 -612 15508 -128 -738 -138
0 -4600 -672 15540 -136 -774 -176
0 -4584 -560 15516 -123 -732 -159
0 -4552 -592 15524 -61 -757 -175
0 -4532 -636 15676 -152 -750 -179
0 -4564 -612 15440 -131 -753 -171
0 -4624 -660 15664 -90 -790 -175
0 -4620 -596 15500 -114 -759 -152
0 -4556 -628 15520 -109 -742 -178
0 -4576 -592 15504 -124 -743 -146
0 -4596 -580 15624 -100 -762 -179
0 -4624 -704 15500 -127 -721 -174
0 -4584 -628 15492 -110 -758 -196
0 -4552 -680 15452 -124 -719 -192
0 -4568 -644 15440 -102 -714 -144
0 -4632 -616 15552 -104 -709 -165
0 -4572 -620 15596 -117 -726 -153
0 -4588 -624 15488 -110 -743 -122
0 -4616 -612 15492 -91 -764 -160
0 -4600 -620 15544 -87 -751 -182
0 -4604 -588 15520 -133 -718 -182
0 -4580 -580 15524 -137 -743 -172
0 -4556 -588 15496 -128 -743 -195
0 -4612 -608 15300 -43 -714 -141
0 -4552 -624 15612 -62 -785 -197
0 -4548 -600 15480 -128 -731 -158
0 -4668 -560 15560 -142 -740 -144
0 -4604 -632 15504 -90 -716 -184
0 -4552 -596 15464 -80 -757 -176
0 -4616 -708 15564 -114 -708 -154
0 -4580 -588 15636 -160 -770 -179