7 728 -15744 -9768 186 -544 2274
7 632 -15736 -9752 993 52 1918
7 580 -15324 -9468 1246 543 1892
7 772 -15100 -9432 748 604 2202
7 1344 -15196 -10044 24 762 2862
7 2152 -16520 -11504 -2033 1169 3787
7 2568 -20288 -13324 -5386 2763 3956
7 3612 -23864 -12320 -6346 5061 2864
7 3736 -28436 -9360 -5766 6477 -65
7 3140 -30016 -4968 -5752 6558 -4445
7 1892 -28004 -3024 -6262 5593 -8732
7 696 -24844 -1980 -5646 4655 -12128
7 -864 -20840 896 -5273 3440 -14901
7 -2496 -15688 3588 -6643 1267 -16279
7 -2652 -9940 5860 -7593 -2269 -16012
7 -2628 -5004 5064 -6649 -6387 -14149
7 -2752 -1852 3352 -4139 -10415 -11605
7 -2700 236 -528 -959 -13945 -8677
7 -3196 1512 -4344 -722 -15682 -5940
7 -3692 1896 -5884 -2730 -16225 -3544
7 -3120 2516 -9092 -2545 -16406 -917
7 -3180 1804 -11808 1245 -16242 1934
7 -4112 -384 -13828 2695 -16254 5431
7 -4540 -3524 -16796 704 -15774 8552
7 -5320 -7268 -20900 -458 -14751 10998
7 -4716 -10936 -25768 691 -13093 12918
7 -4940 -15964 -30700 2395 -9952 14133
7 -5132 -19812 -32768 1703 -5680 14269
7 -4632 -24292 -32768 -651 -855 13468
7 -5216 -30576 -32768 -730 3584 11129
7 -6508 -32768 -32768 -1990 8829 6989
7 -6304 -32768 -32012 -3435 13954 1590
7 -7288 -32768 -28656 -4318 18668 -3572
7 -7028 -29708 -22900 -5701 21913 -7884
7 -7076 -24556 -16548 -6793 23218 -11278
7 -6784 -18492 -13340 -8308 23171 -12658
7 -5980 -12940 -11764 -7669 22696 -12539
7 -5076 -7368 -9596 -6879 21728 -10871
7 -3948 -3212 -7760 -6434 20612 -7735
7 -2904 -208 -8040 -4702 19677 -3713
7 -1952 1992 -5948 -1828 18461 919
7 -1468 1288 -3384 420 17008 5330
7 -468 -892 -1276 1314 15043 8682
7 -272 -3424 -840 -115 13945 11092
7 168 -4196 864 -280 12292 12637
7 -260 -5984 2644 3274 10909 13459
7 244 -6820 6452 7429 8781 14039
7 388 -7720 9044 9395 5972 14501
7 368 -9552 12364 10723 2087 15061
7 600 -10056 8784 10019 -1720 16088
7 980 -12072 5812 10363 -3914 17426
7 1508 -15840 5340 11864 -5643 17748
7 2308 -19948 5680 12400 -8910 17288
7 3424 -24324 4184 10584 -12014 16483
7 3056 -29944 132 9600 -14021 14159
7 3336 -32768 -868 9901 -15528 11386
7 1952 -32768 -2996 9932 -17699 7753
7 -44 -32768 -7884 9346 -18787 2945
7 -3400 -32768 -13036 8610 -17360 -1961
7 -4636 -32768 -14748 3916 -13630 -6331
7 -4856 -32768 -12740 -469 -10281 -10646
7 -4968 -32768 -13260 -4124 -7899 -14493
7 -5360 -31828 -11828 -3289 -5344 -17728
7 -5864 -25368 -8296 -5487 -4785 -19500
7 -5912 -18864 -9220 -8240 -4762 -19672
7 -5736 -13348 -9300 -8493 -3545 -18707
7 -4648 -8576 -7472 -7539 -2439 -16513
7 -3420 -5944 -4580 -6780 -2963 -13611
7 -2340 -4624 -5148 -6632 -4031 -10735
7 -1664 -4540 -6164 -4058 -4788 -8397
7 -768 -4060 -7036 -2673 -5284 -6394
7 148 -3620 -8940 -3419 -5432 -4151
7 676 -4116 -10840 -4482 -4750 -2022
7 568 -6644 -12568 -3743 -3015 -677
7 1560 -8164 -11200 -4258 -1416 132

7 -2188 -16284 -7456 -840 790 1089
7 -1988 -16624 -6952 -1291 445 772
7 -2320 -16456 -7968 -1121 18 401
7 -2148 -15576 -9244 -628 389 696
7 -1912 -15652 -9580 -490 977 1042
7 -1816 -16728 -8972 -1366 1645 1146
7 -1504 -18148 -8160 -3117 1697 1057
7 -1808 -19644 -7856 -3404 1522 376
7 -1716 -20908 -7304 -3754 1272 -455
7 -1352 -22188 -6808 -4790 920 -1685
7 -724 -23860 -8076 -4516 1399 -3627
7 -240 -24328 -6464 -5203 2328 -5970
7 -464 -24740 -4508 -7204 3062 -8675
7 -1016 -23984 -2036 -8790 3359 -11670
7 -1768 -21964 884 -8672 2789 -14459
7 -2496 -18340 3844 -9113 354 -16412
7 -3656 -13160 4544 -7774 -3151 -16771
7 -4204 -7812 2976 -6333 -7210 -15546
7 -4384 -4052 -200 -5125 -9844 -13288
7 -3524 -1108 -2964 -2519 -11019 -11460
7 -3300 1540 -4944 3502 -10956 -9751
7 -3528 5384 -1464 1747 -11214 -7915
7 -3616 8156 -1044 -8362 -14078 -3548
7 -4776 7192 -9236 -10766 -16739 1850
7 -5700 3076 -14032 -2391 -17085 6314
7 -6956 -3000 -15112 915 -16871 9453
7 -7332 -8180 -19444 -2109 -16737 11137
7 -7564 -12508 -25496 -3972 -14565 11055
7 -8004 -15536 -29172 -3836 -11318 10067
7 -7536 -18104 -32608 -5746 -7881 9215
7 -7560 -20232 -32768 -5980 -4103 8012
7 -7612 -20808 -32768 -7260 17 7022
7 -5852 -19760 -32768 -6926 4805 5452
7 -7572 -20912 -31584 -6526 7890 4054
7 -7804 -18428 -28276 -8058 9644 3261
7 -6968 -16664 -28400 -7328 11719 3355
7 -6196 -16968 -27076 -5558 14026 3063
7 -5448 -16380 -25112 -4880 16151 2338
7 -5808 -15796 -21224 -3706 18390 1148
7 -6312 -14856 -16636 -5767 19017 -114
7 -5612 -10952 -14252 -7947 18698 -581
7 -5200 -7640 -12480 -6947 18076 261
7 -4552 -5460 -10572 -6771 16848 2016
7 -3916 -4668 -9936 -5647 16072 3861
7 -2904 -4096 -7740 -3741 14975 5557
7 -2452 -4484 -6996 -1298 13436 6781
7 -1956 -4540 -6344 737 11950 7760
7 -1368 -5380 -6420 1633 10684 8520
7 -972 -5744 -7620 3034 10320 8327
7 -1384 -4516 -7764 3802 10801 8613
7 -1576 -4712 -7056 6243 11319 9465
7 -1240 -5764 -1756 9128 10557 9826
7 -692 -6448 2316 8473 7575 9599
7 -952 -5976 1764 8729 4940 9378
7 -1364 -6296 3404 9795 3668 9975
7 -860 -8224 5756 8120 725 11291
7 -260 -11632 1616 7800 -2672 12241
7 448 -15052 40 9835 -4340 12634
7 840 -22036 -2160 9748 -5600 11897
7 1812 -26956 -4220 8755 -7161 9198
7 1316 -29064 -6748 8302 -7833 5897
7 764 -30100 -9548 8947 -8067 3475
7 392 -31312 -9904 8329 -8109 1603
7 352 -32768 -11456 3596 -8615 -440
7 -244 -32768 -14184 3512 -8664 -3169
7 -600 -32768 -13864 4322 -8710 -5901
7 -1128 -32668 -14696 3163 -9207 -8369
7 -1596 -29624 -16612 2249 -8912 -10452
7 -1780 -25884 -16960 915 -7650 -11599
7 -2076 -23424 -15548 -709 -6273 -11757
7 -2276 -22164 -14328 -2303 -5596 -12500
7 -2632 -19488 -13988 -2892 -4997 -13557
7 -2956 -15452 -13784 -5379 -4069 -13636
7 -3204 -12616 -12752 -6878 -2851 -12793
7 -2884 -11324 -9276 -7101 -2905 -11680

7 -2028 -12520 -12764 1016 550 579
7 -2140 -12200 -12548 1598 1003 890
7 -2236 -12888 -12392 1048 1444 1126
7 -2420 -13240 -12340 175 1640 1080
7 -2188 -12808 -12064 -471 1711 1043
7 -2224 -12160 -12384 -959 1789 1379
7 -2008 -12572 -12932 -654 2067 1865
7 -2060 -14204 -12092 -945 2113 2009
7 -2276 -15372 -11844 -2169 1863 1516
7 -2608 -15924 -13348 -2121 1818 1061
7 -2600 -16548 -13748 -1544 2272 779
7 -2456 -17404 -13492 -2320 2572 389
7 -1944 -17744 -14332 -4011 3055 -223
7 -1800 -18188 -14816 -5340 4015 -612
7 -1392 -19476 -13920 -5823 4916 -1447
7 -1124 -20676 -12764 -6692 5394 -2726
7 -1768 -21752 -12112 -6522 5664 -4413
7 -2008 -22284 -10124 -5946 6169 -6683
7 -1884 -22436 -6208 -7275 5593 -9307
7 -2272 -22864 -4140 -9391 4128 -12599
7 -2524 -20220 -3052 -9886 2327 -16183
7 -2632 -16096 -2788 -9213 56 -18345
7 -2912 -12564 -3500 -8197 -2054 -19665
7 -2952 -8764 -4488 -8341 -3570 -19415
7 -2740 -6712 -4844 -9250 -4655 -18628
7 -2836 -5420 -4596 -10151 -5966 -18001
7 -2408 -4128 -4284 -9292 -7917 -17924
7 -2740 -1484 -5376 -8308 -10291 -17613
7 -3692 2044 -7104 -9612 -12096 -16144
7 -3156 5516 -8764 -10971 -14020 -13147
7 -3312 6860 -11884 -10991 -14665 -9539
7 -3444 5468 -14080 -7762 -14928 -6291
7 -3648 4088 -15412 -4949 -14985 -4102
7 -4148 2832 -18028 -3159 -14530 -2051
7 -4904 1496 -18892 -3243 -13875 -864
7 -5012 1432 -19780 -5531 -13901 503
7 -5208 -236 -22992 -4984 -13198 1798
7 -5844 -788 -25456 -3152 -11682 2644
7 -5348 -708 -27152 -3595 -9806 3903
7 -5608 -1336 -27292 -4724 -7862 4905
7 -5984 -1916 -27612 -5781 -6424 5877
7 -6280 -2156 -27704 -5919 -5712 6734
7 -6988 -2400 -29172 -4793 -4860 7742
7 -7148 -1172 -30360 -4305 -3417 9011
7 -7176 -3964 -32768 -2767 -1416 9601
7 -7692 -5544 -32768 -2334 1663 9230
7 -7812 -5280 -32768 -2817 5255 8991
7 -7876 -5176 -32768 -1888 8721 9007
7 -7976 -5704 -30572 -1212 11546 8768
7 -7844 -5660 -27636 -1797 13660 8345
7 -7012 -5364 -24988 -3516 14967 7989
7 -6504 -4668 -23712 -4018 15997 7619
7 -6396 -4328 -22712 -3891 17053 7438
7 -5640 -2808 -19172 -3819 17707 7863
7 -5216 -2148 -17248 -2903 17727 8188
7 -4560 -1340 -15212 -3687 17479 8967
7 -3700 -456 -13444 -2457 17026 9610
7 -2972 -240 -11852 -136 16707 10448
7 -2596 4 -9760 4203 16306 10855
7 -1760 1380 -5912 4321 15307 11818
7 -1168 660 -3864 3735 13738 13345
7 -184 -1428 -836 6329 11137 13961
7 556 -3064 1464 10958 8102 13761
7 1140 -6052 3132 16969 4977 13166
7 964 -5584 6692 13952 1762 13297
7 1228 -6120 4300 8642 -2504 13913
7 1216 -7876 -948 10195 -4467 14907
7 1412 -10548 -3144 15804 -4394 15600
7 1612 -14876 -212 15919 -5119 15966
7 1644 -18616 772 12287 -8327 14860
7 1984 -22632 -4396 13355 -12009 13292
7 1348 -26196 -8336 21014 -13374 10520
7 956 -29004 -7352 25940 -14797 7409
7 4 -31692 -8376 18333 -18161 4248
7 -2012 -32668 -19628 6440 -19548 1171

7 -420 -14936 -9128 459 1832 2102
7 -556 -14720 -10476 257 1847 1994
7 -244 -13892 -10264 1116 2414 2289
7 -588 -13912 -10168 1174 2867 2689
7 -408 -13560 -9552 1035 3114 3300
7 -4 -13492 -7908 -457 2427 4462
7 1296 -15536 -9052 -2271 830 5620
7 4616 -16400 -10860 -4135 511 5441
7 3900 -20520 -15060 -5296 1206 5470
7 5040 -28932 -17228 -6344 4538 4091
7 3748 -32768 -12824 -8300 8329 -1918
7 4 -32768 -9544 -12661 11278 -9598
7 -4420 -32768 -3816 -17504 14168 -16632
7 -7252 -32768 6732 -18825 13953 -23662
7 -9952 -32356 15540 -15101 8501 -30895
7 -12500 -19420 19020 -9866 268 -32768
7 -14724 -5072 23232 -8517 -7614 -32768
7 -17132 11616 23956 -13419 -16894 -32768
7 -16492 29076 18244 -12521 -27323 -23914
7 -14288 32472 3444 -7786 -32768 -7704
7 -14332 24360 -14412 818 -32768 4229
7 -14728 12360 -29696 6286 -32768 12199
7 -14228 -36 -32768 4921 -31989 14570
7 -10372 -3696 -32768 64 -21507 13892
7 -9416 -9300 -32768 5823 -12510 12709
7 -9940 -14220 -32768 -455 -774 11791
7 -10144 -16980 -32768 -6190 7398 10081
7 -11144 -18904 -32768 -3640 17248 8414
7 -12592 -21784 -32768 -5401 24955 6084
7 -13464 -22152 -32768 -9536 29707 2902
7 -13968 -17904 -30212 -9634 32398 24
7 -12880 -9404 -20452 -9477 32767 -242
7 -10624 -2240 -11348 -10029 32767 2074
7 -9892 1212 -3160 -7321 32767 5573
7 -8220 2856 5604 -2045 31442 9187
7 -6408 5608 17620 -1423 27324 12568
7 -4476 8008 26164 -3242 16749 18043
7 -3684 6092 23152 -77 5282 24012
7 -3984 824 10880 4526 -1032 29127
7 -4172 -7376 1612 16537 -2248 31633
7 -4264 -15936 2800 23997 -1138 30682
7 -1832 -24204 8112 18208 -1430 27127
7 1932 -30532 11440 9301 -7075 21849
7 2880 -32768 3052 11395 -13057 15336
7 3576 -31564 -2980 17788 -15426 12071
7 2200 -32768 -2976 19695 -17470 10065
7 -512 -32768 -11128 13693 -18716 6914
7 -3568 -32768 -16712 9964 -17676 2240
7 -3876 -32768 -15476 11759 -15426 -5047
7 -5032 -32768 -17808 6834 -13813 -10830
7 -6580 -32768 -20040 924 -11214 -16546
7 -7972 -32768 -19344 -256 -7730 -20827
7 -8428 -27392 -14364 2419 -6706 -23392
7 -7972 -18684 -11312 4964 -7357 -23921
7 -7568 -12308 -13144 -327 -7675 -22492
7 -6808 -6924 -15964 -6349 -5219 -20108
7 -4896 -2284 -14304 -6618 -3552 -17044
7 -3236 2308 -10524 -4086 -3550 -13562
7 -2092 5812 -9096 -5261 -5133 -8681
7 -1120 4644 -12792 -6570 -5300 -3678
7 -540 -220 -13804 -4974 -3785 -1422
7 452 -2884 -11968 -4755 -3525 -731
7 680 -4368 -13408 -4365 -3268 -455
7 1676 -5756 -15420 -3037 -2115 238
7 2172 -7732 -15184 -1117 -444 856
7 1980 -9132 -12036 -1844 591 1242
7 1644 -10796 -10736 -3090 852 1718
7 1952 -12704 -9492 -2679 252 1945
7 2180 -13616 -10316 -785 -320 1650
7 1684 -13840 -10572 978 -563 1196
7 1608 -13560 -10772 988 -614 1215
7 1784 -14196 -11324 -633 -730 1501
7 2044 -15100 -12308 -900 -602 1372
7 1984 -14928 -13032 61 -478 943
7 1964 -14760 -12888 219 -192 770

7 -3000 -13904 -10424 1446 282 231
7 -2708 -13936 -10188 2197 11 187
7 -2828 -13732 -10512 1736 -245 312
7 -2696 -13040 -11580 761 -154 720
7 -2676 -13468 -12296 -1206 456 1492
7 -1816 -15000 -12932 -4450 1113 2096
7 -1580 -17832 -15756 -5097 2365 1492
7 -1276 -19056 -16268 -5431 4401 792
7 -1600 -21984 -15528 -6505 6570 -315
7 -2232 -25656 -13500 -7649 8855 -3001
7 -2900 -27060 -10708 -10690 9811 -6231
7 -3668 -27400 -9528 -13493 11046 -9449
7 -5452 -30412 -7776 -13824 12306 -13165
7 -6468 -32768 -2352 -15385 12018 -19093
7 -8108 -32768 3516 -16516 9723 -26681
7 -8868 -28124 5888 -16691 5057 -32768
7 -11712 -20616 8888 -16693 241 -32768
7 -12172 -11104 9104 -17246 -5840 -32768
7 -13512 -1164 8244 -15145 -10982 -32768
7 -13824 8984 7576 -14117 -16774 -32768
7 -11496 16820 2328 -11615 -21223 -30056
7 -10708 21032 -2076 -6485 -24568 -20980
7 -9772 20832 -5996 861 -27311 -11782
7 -9888 17832 -11432 3871 -29282 -4816
7 -11552 14980 -18408 3310 -29520 417
7 -11208 13692 -24628 3910 -29056 5378
7 -12268 9044 -31748 4878 -26495 9530
7 -12388 5264 -32768 5204 -21518 11585
7 -12544 2884 -32768 5048 -16555 13567
7 -14316 -616 -32768 2314 -10802 15583
7 -15332 -4092 -32768 -238 -3891 17195
7 -17188 -9772 -32768 -1094 1805 17250
7 -14608 -13540 -32768 -2638 6817 15904
7 -14324 -16404 -32768 -3188 12919 13328
7 -14000 -14544 -32768 -3276 19863 10713
7 -14084 -12540 -32768 -2126 25668 9371
7 -12972 -10840 -22224 -2502 28443 8518
7 -10652 -9792 -15908 -3017 28205 7475
7 -8112 -7008 -13228 -2712 27389 6551
7 -7092 -3624 -11408 -1696 27625 6757
7 -6248 -1148 -4940 -389 27327 8198
7 -4028 64 1352 3018 23939 9992
7 -2168 -388 5256 5711 18819 11444
7 -1380 -488 4596 9245 14442 12807
7 -684 704 4728 7163 12164 15683
7 -524 24 6892 8129 9362 18164
7 -124 -2436 9496 11068 5136 20158
7 -604 -5424 9224 15121 277 21451
7 -1100 -8824 4888 18305 -2384 22267
7 -12 -13668 4492 23611 -4020 21873
7 340 -16756 5872 23113 -6647 20974
7 -256 -17588 2696 17966 -11020 20338
7 -816 -21580 -3808 16052 -13008 20429
7 -1140 -29016 -6980 17850 -14006 18958
7 -956 -32768 -6724 16975 -15807 14547
7 -1676 -32768 -8664 14530 -18949 8119
7 -3260 -32768 -15004 11057 -21991 1308
7 -6836 -32768 -29776 3212 -19686 -3691
7 -5480 -32768 -32432 3735 -12602 -9298
7 -6868 -32768 -31384 -1339 -5100 -13369
7 -7416 -32768 -26844 -3640 960 -17153
7 -7356 -31936 -17768 -6112 3847 -21038
7 -7748 -26504 -11596 -8746 3925 -24638
7 -9028 -19132 -8584 -11498 3033 -26344
7 -8268 -11080 -7540 -12491 1701 -25492
7 -6144 -5924 -7576 -9862 271 -22906
7 -4644 -2436 -6876 -7384 -1282 -19935
7 -3268 68 -6292 -8096 -2878 -16290
7 -2136 1256 -5992 -8450 -4761 -12399
7 -1044 644 -8240 -5709 -6713 -8930
7 -120 -368 -9692 -2586 -7945 -6243
7 124 -1564 -11244 -2090 -8326 -4070
7 -56 -3248 -14332 -3293 -8014 -2395
7 128 -4292 -17640 -4002 -6228 -1332
7 524 -5408 -18636 -2540 -3834 -803

7 -1728 -13944 -10908 467 2579 3684
7 -1764 -13648 -10448 38 2619 3760
7 -1628 -13292 -10564 814 2559 3949
7 -1272 -12412 -9812 2262 2406 4580
7 -1320 -11720 -9160 1724 1370 5757
7 -620 -11756 -12108 -289 382 7559
7 656 -14564 -16284 -4542 1098 9613
7 1384 -20108 -20532 -7738 4222 9988
7 1824 -27072 -20592 -8442 7988 8600
7 1796 -32688 -17496 -9692 10330 4552
7 192 -32768 -14716 -11534 12244 -342
7 -2864 -32768 -13488 -12087 14124 -5041
7 -6412 -32768 -9588 -12655 16312 -9940
7 -7696 -32768 -3832 -13337 17236 -15582
7 -8152 -32768 4168 -13742 14946 -22360
7 -8392 -29664 10132 -13837 9452 -29550
7 -8640 -20716 13064 -13270 2460 -32768
7 -9480 -12424 13972 -12598 -5186 -32768
7 -11168 -5000 14712 -14739 -12695 -32768
7 -12984 1596 11532 -15397 -19188 -32768
7 -13720 8376 6100 -9978 -24303 -32768
7 -13124 15216 -468 -1436 -28440 -27324
7 -12804 17700 -8132 6504 -30464 -18576
7 -12708 18420 -10216 5685 -31290 -10185
7 -12740 17568 -11748 -3047 -32697 -2643
7 -14832 13688 -20100 -1088 -32768 2609
7 -15324 10968 -26332 4627 -31471 6751
7 -16012 8400 -30044 7818 -28970 10515
7 -16492 4824 -32768 5421 -25199 13943
7 -16680 560 -32768 1949 -18373 16872
7 -16720 -3676 -32768 2105 -10470 18410
7 -17308 -6612 -32768 -2529 -2475 19434
7 -17188 -13504 -32768 481 3862 17436
7 -17780 -17068 -32768 -158 10813 14868
7 -17000 -17456 -32768 -3244 17905 11652
7 -15940 -14968 -32768 -599 24393 9059
7 -15532 -13016 -30680 2186 29934 7172
7 -14188 -10808 -22240 1516 32726 6180
7 -11652 -8660 -16100 -888 32767 5741
7 -9884 -6904 -12256 -1115 32536 5270
7 -8220 -4172 -9688 -858 31825 5527
7 -6784 -1500 -7280 1522 31247 6442
7 -5244 2688 324 5330 29125 8530
7 -3180 4468 7152 7956 23762 12180
7 -2444 2924 10568 4691 17310 15908
7 -1476 944 8364 357 11399 19040
7 -700 -1184 3856 4221 7003 20987
7 -1076 -2600 1764 11745 5907 22239
7 -1688 -6048 1952 17805 5628 23324
7 -1764 -8332 6320 22716 5891 23589
7 -1204 -11792 12388 18976 2885 23834
7 0 -15432 11476 14368 -3752 23376
7 -316 -17708 4324 16197 -8988 22994
7 -516 -25172 2192 24321 -11964 22747
7 -812 -32768 6032 26856 -16763 18883
7 -1556 -32768 2112 18651 -23165 13911
7 -4744 -32768 -10412 12150 -26931 7837
7 -7100 -32768 -21556 14451 -24983 1102
7 -7796 -32768 -24920 13276 -21112 -5530
7 -7600 -32768 -30884 4444 -14726 -11878
7 -7464 -32768 -30284 -1732 -5689 -17258
7 -7872 -32768 -20924 -8831 667 -21841
7 -8472 -32328 -14376 -11844 3099 -25827
7 -10060 -24940 -10996 -11482 3390 -28676
7 -10552 -15412 -6228 -11099 2769 -28898
7 -8864 -7912 -3924 -10635 651 -27034
7 -6464 -2572 -3740 -10487 -1847 -23663
7 -4468 1960 -4928 -8987 -3799 -19691
7 -2612 5216 -5512 -5178 -5774 -14806
7 -536 6336 -7044 -2185 -8165 -9210
7 164 2872 -10100 -365 -8551 -4927
7 456 -552 -13232 -347 -7912 -2488
7 604 -3192 -15340 -917 -5795 -1108
7 1392 -5496 -14768 -597 -4362 -399
7 1876 -7044 -14284 -1760 -3847 -196

7 -344 -14364 -9900 -9 391 782
7 -120 -13800 -10388 -306 397 1046
7 560 -13568 -11372 -731 839 1912
7 1640 -14440 -11028 -757 1149 2757
7 3008 -15708 -11152 -3341 1049 3661
7 3648 -18020 -13808 -5988 1607 4708
7 3924 -21800 -15180 -6682 3386 4954
7 3248 -26704 -14928 -7670 5959 3482
7 1104 -28920 -11808 -9906 7996 1031
7 -1112 -29856 -9196 -12175 9085 -1914
7 -2720 -29604 -7204 -12992 9196 -4994
7 -4324 -29524 -4308 -12171 8967 -8740
7 -4848 -28260 -852 -9960 7758 -13210
7 -4844 -25616 4584 -9162 5161 -18457
7 -4952 -20060 7212 -10996 770 -23271
7 -5208 -12180 8376 -12970 -3965 -26135
7 -6272 -6188 8244 -13940 -9103 -27062
7 -7032 -836 6692 -13932 -13960 -26299
7 -7112 3512 2868 -12125 -18172 -23961
7 -7544 6496 -1336 -7277 -20403 -20335
7 -7140 8604 -3608 -1505 -22666 -16223
7 -6960 8532 -6008 1104 -24258 -11491
7 -7168 8464 -7924 582 -25934 -7386
7 -9044 8952 -13048 -361 -27238 -2795
7 -9652 7680 -19488 -689 -26618 2055
7 -10284 5196 -23596 2038 -24403 5919
7 -11552 1612 -26092 4799 -22571 9492
7 -12764 -3452 -31124 5466 -20506 11516
7 -13064 -6376 -32768 3161 -16093 12508
7 -19128 -9076 -32768 2620 -11756 13038
7 -14932 -11580 -32768 -1088 -5359 13548
7 -15080 -14228 -32768 155 77 12839
7 -14980 -15560 -32768 2493 4875 11446
7 -14216 -15668 -32768 -1224 9416 10237
7 -14252 -15820 -32768 -3774 13776 9344
7 -14012 -15924 -32768 -4778 18319 8392
7 -13292 -16456 -29016 -5097 22632 7422
7 -12240 -17568 -23384 -4760 24958 5744
7 -10800 -17236 -19420 -4498 26011 3164
7 -9316 -14700 -16212 -3682 26540 796
7 -7820 -11836 -13728 -2763 27099 -809
7 -6632 -8340 -9376 -1983 27055 -1436
7 -5020 -5176 -6248 -1934 25481 -974
7 -3408 -2880 -3596 -1609 23524 60
7 -1332 -2712 -1928 709 20615 679
7 400 -1196 820 4497 17464 503
7 908 872 1652 6703 13330 955
7 1356 5444 288 6712 10008 3537
7 1256 8176 -1556 7004 8388 8017
7 1408 6540 -280 9566 8419 13387
7 1864 468 3616 13618 7322 16992
7 2140 -6208 5928 15527 4430 17267
7 2752 -8164 4340 15186 689 16476
7 2936 -8632 1012 12365 -1197 16963
7 3304 -11956 -1904 9596 -1413 18459
7 2896 -19292 -2660 11553 -2171 18484
7 2524 -24996 -3536 13361 -4206 16621
7 3560 -27904 -3940 13216 -6699 14451
7 3520 -32768 -6468 13078 -8367 11520
7 2044 -32768 -8620 9208 -9949 7645
7 1968 -32768 -12204 6425 -10564 3325
7 1936 -32768 -14324 6325 -10452 -866
7 1524 -32768 -16348 5196 -9831 -4613
7 420 -32768 -17404 4870 -7914 -7547
7 -724 -32768 -14748 3401 -6583 -9914
7 -1424 -32128 -13364 1571 -6614 -12197
7 -2532 -30120 -14040 668 -6579 -14699
7 -3360 -26304 -14052 -1735 -5749 -16486
7 -4052 -22812 -12304 -4008 -4679 -17591
7 -3868 -19212 -10252 -6506 -4610 -18111
7 -3932 -15664 -9536 -9027 -5100 -18232
7 -3448 -10952 -9916 -8639 -5713 -17261
7 -3056 -8444 -9788 -7522 -5982 -15465
7 -2360 -6748 -8068 -7735 -5931 -13835
7 -1116 -4324 -6068 -10289 -7019 -11922

7 -448 -16340 -8940 -524 1376 2588
7 -304 -16264 -8612 -1080 1352 2472
7 -352 -15584 -9308 -1207 1548 2497
7 -128 -14732 -8888 -1901 1958 3078
7 284 -15224 -8764 -5985 2154 3872
7 648 -15012 -12024 -14110 3337 4624
7 2424 -15564 -14168 -13908 5959 6470
7 2620 -21116 -10528 -8578 6813 7050
7 2848 -27344 -8640 -7985 5285 5732
7 1144 -32416 -10012 -9383 4278 2458
7 -1472 -32768 -11608 -9073 5436 -2313
7 -4524 -32768 -10100 -9440 8145 -7692
7 -6504 -32768 -5724 -8360 10171 -13515
7 -7672 -32768 1836 -7995 9548 -20301
7 -8032 -31096 7676 -8955 5476 -26589
7 -8136 -23560 9008 -8526 -509 -31564
7 -8320 -14476 8164 -8671 -6356 -32768
7 -9120 -5340 5664 -8310 -11863 -32768
7 -9272 3268 3648 -11977 -15575 -32109
7 -8528 10028 1692 -15568 -18605 -27478
7 -8000 14584 -2564 -13103 -21334 -21693
7 -7340 18544 -5668 -8949 -23287 -14362
7 -7936 17196 -9516 -2000 -24426 -7432
7 -8212 13648 -9616 813 -25219 -2249
7 -10044 10460 -12076 1329 -27443 805
7 -10644 10900 -17536 2478 -28631 3228
7 -10656 11400 -25068 4282 -26600 7231
7 -11136 9200 -28376 6767 -21715 11403
7 -11680 3280 -28520 5334 -17912 15302
7 -12424 -2084 -29296 3880 -15397 17026
7 -12448 -6312 -32768 3468 -12303 17830
7 -18768 -10980 -32768 3312 -8864 18018
7 -14456 -14952 -32768 1629 -2873 18063
7 -15244 -20944 -32768 1666 3648 16296
7 -15916 -24648 -32768 2374 10450 12651
7 -15760 -24992 -32768 -158 17713 8644
7 -15532 -23144 -32768 -2041 23239 5437
7 -13988 -21384 -29736 -3005 27066 2550
7 -12836 -19456 -24848 -4637 29773 -362
7 -11196 -14572 -18384 -4440 31589 -2652
7 -9808 -9828 -12632 -2117 31516 -3583
7 -8156 -3924 -5024 -2025 29775 -2694
7 -4688 -540 -224 -2683 25948 -76
7 -2480 2052 2064 -3345 21357 3041
7 -488 3904 2924 -977 17359 6645
7 0 4236 5296 3092 13753 10264
7 624 3588 8752 6022 9948 13869
7 800 1300 10544 4132 4944 17496
7 768 -2128 9116 2200 -327 19546
7 696 -4864 3972 4888 -4852 20453
7 76 -6488 -132 10993 -5882 21503
7 204 -10688 64 13610 -5804 22038
7 -180 -16364 424 10794 -6459 20319
7 -52 -19240 -1796 9002 -8186 18109
7 -32 -24324 -5940 11474 -9691 15665
7 -216 -28128 -6596 13825 -10973 12737
7 -104 -32768 -10528 16647 -12839 8047
7 -1748 -32768 -15184 15932 -13877 2879
7 -3652 -32768 -18436 8655 -14363 -2449
7 -5328 -32768 -28112 3861 -12282 -6067
7 -4588 -32768 -30488 7161 -6343 -8018
7 -4600 -32768 -23612 5468 -2230 -10989
7 -5212 -32768 -21112 491 -1171 -15420
7 -6216 -32676 -21500 -3263 643 -19138
7 -6576 -27308 -17896 -5540 3035 -21508
7 -6980 -22192 -13228 -9565 3706 -22541
7 -6544 -17288 -10648 -11531 3477 -22766
7 -6100 -12824 -8332 -9204 2590 -22372
7 -5036 -7448 -4672 -8061 353 -21010
7 -3440 -3132 -3492 -7658 -2652 -18211
7 -2180 -1064 -3136 -7083 -5617 -15000
7 -1564 -1576 -5176 -5791 -8011 -12063
7 -240 -2380 -7940 -3335 -9697 -10154
7 40 -4172 -10768 -1297 -10491 -9088
7 -216 -5480 -15692 -2141 -10069 -8601

7 -920 -16320 -8036 -338 1117 -426
7 -772 -16156 -6884 -634 2018 -164
7 -480 -16416 -5636 -3071 1907 151
7 -416 -16816 -7396 -4878 1786 474
7 100 -18112 -8100 -5206 2393 1123
7 852 -21748 -6636 -7253 2715 1238
7 1108 -25032 -6740 -10245 2609 123
7 524 -26708 -8240 -11055 3108 -2130
7 104 -27156 -8000 -11007 4026 -4288
7 -616 -28068 -6040 -11335 4852 -7057
7 -664 -27724 -3644 -12406 4778 -10408
7 -1412 -25864 -2472 -12110 4037 -14137
7 -1552 -22120 276 -9394 2902 -17319
7 -1560 -17736 3080 -8308 -120 -19274
7 -1892 -13756 4728 -8551 -3699 -20402
7 -2108 -10440 6476 -9687 -7221 -21479
7 -2648 -4392 8428 -13963 -12027 -21698
7 -4016 1324 5168 -17759 -15929 -19561
7 -4956 7296 2672 -14817 -18181 -15944
7 -5800 9224 2440 -10251 -20712 -10599
7 -8380 9508 2520 -7141 -24743 -5433
7 -10096 8292 -3380 -6003 -28242 -94
7 -10424 5864 -10388 251 -29599 3859
7 -10828 3664 -15604 6499 -30323 7504
7 -11432 1080 -21044 6950 -29764 10720
7 -13008 -3656 -30100 3032 -27317 13459
7 -13116 -7444 -32768 371 -21079 15111
7 -12740 -11224 -32768 2497 -13931 16083
7 -14416 -15376 -32768 -921 -6866 16125
7 -15180 -23012 -32768 -830 -439 13370
7 -14984 -24784 -32768 577 5970 10298
7 -15660 -25056 -32768 -796 11223 7013
7 -15744 -23260 -32768 -4062 16555 4581
7 -15724 -21456 -32768 -3940 21911 3051
7 -14944 -21220 -26172 -4926 25320 1349
7 -13792 -19128 -19948 -6849 27169 -717
7 -12380 -15740 -15380 -7889 27264 -1613
7 -9784 -11724 -12580 -7504 26624 -1889
7 -8068 -8752 -11236 -6134 26306 -1875
7 -6408 -4784 -8880 -4745 25755 -678
7 -4924 -1740 -6692 -3363 25113 1689
7 -3156 508 -1540 -2060 22908 4741
7 -1332 1028 732 -251 19068 8016
7 -448 -392 2560 1357 15003 10419
7 292 -2920 384 3465 11659 11339
7 1572 -3340 -3372 6393 10983 11607
7 2124 -3764 -3600 9195 11366 11485
7 1624 -3864 -920 8641 11254 11608
7 1744 -3928 1244 7606 9348 12132
7 1732 -3824 1160 8296 6773 13387
7 2244 -4876 60 11935 4959 15288
7 3048 -8656 1796 15647 3973 16378
7 3312 -13200 2692 13755 2246 16654
7 2864 -18064 1708 12790 39 15553
7 3140 -21932 2088 18185 -2677 14059
7 2472 -24636 4656 19971 -5828 12839
7 1524 -27800 5352 17516 -10402 11690
7 28 -31612 968 14491 -14157 10001
7 -688 -32768 -5280 11616 -15857 7662
7 -1120 -32768 -8456 12579 -14976 4325
7 -2040 -32768 -6924 12652 -14506 611
7 -3180 -32768 -8308 7786 -14667 -2865
7 -3496 -32768 -9824 4397 -13797 -5903
7 -4072 -32768 -10276 -1111 -12857 -10058
7 -4424 -32768 -11888 -4095 -11659 -14064
7 -5212 -28072 -12364 -5099 -9439 -16438
7 -5760 -23772 -10876 -6109 -7849 -17426
7 -5620 -19808 -9572 -8642 -7133 -17434
7 -5068 -16932 -10232 -9510 -6275 -17031
7 -4640 -14592 -9212 -9477 -5525 -16592
7 -4016 -11912 -6900 -10170 -6108 -16155
7 -3024 -8336 -6224 -10661 -7494 -14899
7 -2292 -5896 -7576 -9723 -8742 -13270
7 -1484 -4156 -10580 -8733 -9150 -11065
7 -700 -3004 -13008 -6318 -7857 -8516

7 -1608 -17320 -6944 511 685 1282
7 -1220 -17676 -6044 1737 914 943
7 -1148 -18672 -4904 303 276 768
7 -756 -20344 -6700 -2978 -37 591
7 -652 -24332 -8436 -4497 961 -372
7 -484 -27868 -8136 -7592 2551 -2729
7 -288 -29220 -8588 -10793 3648 -5095
7 -656 -29148 -7960 -11572 5144 -7194
7 -932 -29852 -5368 -9735 5842 -10130
7 -1968 -29428 -1024 -8337 5211 -14009
7 -2984 -26996 3008 -8823 2751 -18208
7 -3528 -22920 4272 -9177 -214 -22007
7 -3976 -15604 3748 -7331 -3736 -24234
7 -4096 -8152 2564 -6503 -6333 -23544
7 -3416 -3912 1688 -6294 -8278 -21271
7 -2584 -2636 2864 -6993 -10952 -18777
7 -2556 -1120 3524 -6828 -14476 -17381
7 -3528 2504 300 -6453 -17352 -15000
7 -3552 6860 -4236 -3613 -18579 -10921
7 -3736 8184 -7264 786 -18075 -6063
7 -4056 6608 -6792 3461 -17260 -1526
7 -4512 3844 -9196 2068 -17591 2014
7 -4400 1480 -15420 4787 -16489 4665
7 -4412 352 -18232 7773 -13752 7057
7 -4696 -1964 -18048 8038 -11174 9922
7 -5292 -6556 -19212 4063 -10382 12759
7 -5536 -10768 -22424 2514 -9896 14462
7 -5844 -13648 -25708 4540 -8000 15661
7 -6496 -19244 -27888 4069 -5547 17244
7 -11120 -27864 -31460 2845 -3225 16092
7 -7452 -30728 -32768 -193 894 13497
7 -7432 -30000 -31268 -633 4445 10723
7 -7764 -27792 -27644 -987 6527 8343
7 -7888 -26940 -29204 -1022 8561 6793
7 -7704 -26524 -28144 -1329 11740 4983
7 -7900 -25892 -26220 -3404 14987 2908
7 -8184 -24548 -23512 -4285 17938 1199
7 -8264 -24848 -19984 -4417 20659 -529
7 -8004 -24508 -14072 -4026 21325 -3027
7 -7180 -22000 -10056 -4183 20048 -5592
7 -6432 -18148 -9424 -3784 18971 -7306
7 -5492 -13384 -8772 -3435 18616 -7891
7 -4296 -9300 -7844 -4746 18324 -7193
7 -2872 -6140 -7556 -4867 17907 -5941
7 -1596 -3764 -6556 -2061 17432 -4656
7 -240 -1000 -4892 2718 16617 -2701
7 -392 84 -1696 6895 14743 -726
7 552 1824 -220 4220 12026 1871
7 1268 3352 -2188 -150 10907 4999
7 1516 2964 -3764 1692 11367 8158
7 1812 880 64 6182 11555 10664
7 1664 -1764 4924 7574 9498 12416
7 1744 -5032 4712 6773 6148 13947
7 1644 -7216 2960 10317 4716 14664
7 1776 -8664 4760 9885 3865 15804
7 1572 -12128 4084 6971 2148 16761
7 1064 -17168 2160 8621 143 16655
7 1260 -20276 2676 11165 -1515 15351
7 1368 -24960 2768 9498 -2983 13599
7 1284 -26708 3292 6587 -5241 11405
7 -44 -27800 -688 7931 -7761 9126
7 -508 -27852 -3812 10088 -7888 7985
7 532 -30600 -3376 9229 -6922 6576
7 972 -32768 -2176 6162 -7393 3734
7 552 -32352 -4012 3682 -8348 1075
7 276 -32244 -5232 3657 -9031 -457
7 -188 -32768 -7232 805 -9220 -2584
7 -816 -32768 -10676 -1487 -7932 -5176
7 -1712 -32252 -9996 -2030 -5420 -7788
7 -2472 -30468 -4740 -3529 -4646 -9848
7 -2800 -27988 -2716 -5486 -6187 -11711
7 -2540 -23948 -3492 -5534 -7636 -12988
7 -2880 -20520 -4588 -5352 -8220 -13343
7 -2924 -17696 -4440 -6319 -8400 -12609
7 -2772 -16292 -3692 -9462 -9555 -11656

7 -2708 -16116 -8796 -30 -817 -83
7 -2996 -15936 -8932 446 -713 28
7 -3584 -17564 -8752 -777 -956 99
7 -3876 -20076 -10700 -2776 -1654 -284
7 -4556 -22564 -15536 -2867 -1805 -2030
7 -5600 -23332 -20852 -2962 480 -3840
7 -5508 -23492 -22088 -5421 3967 -5902
7 -6032 -22688 -23308 -10144 7688 -8577
7 -6332 -19688 -22572 -12749 11553 -10211
7 -5804 -15888 -20416 -14080 14314 -11049
7 -5456 -12728 -18600 -13979 16415 -11475
7 -4732 -8792 -15344 -13898 17812 -11058
7 -3612 -4148 -13248 -13210 18869 -9565
7 -3472 236 -10544 -12320 19781 -7039
7 -2732 4004 -5864 -10855 20310 -3282
7 -1440 6988 -88 -7484 19419 1389
7 -80 8060 5956 -1505 16824 6627
7 -400 6668 11820 3175 12479 12022
7 -1744 2656 14204 6172 6932 16661
7 -3428 -2736 14184 9054 2019 19986
7 -3420 -8112 13048 13564 -2176 22445
7 -3284 -16728 12624 15995 -6323 22828
7 -2724 -22572 10576 11164 -11082 20411
7 -2260 -24628 944 7338 -13934 17495
7 -3592 -27976 -8680 9313 -12558 15753
7 -3420 -32420 -8864 11980 -10067 13273
7 -2596 -32768 -5776 11509 -8784 9577
7 -2556 -32768 -6792 7185 -9762 5213
7 -3032 -32768 -11636 6699 -9312 1512
7 -3392 -32768 -12244 8415 -7125 -411
7 -3180 -29924 -7424 9140 -5425 -980
7 -3540 -29168 -2036 9201 -6226 -1582
7 -4260 -29900 1376 5905 -8917 -2594
7 -4288 -30236 -2668 -1156 -10695 -4463
7 -4376 -28620 -8180 -2210 -9546 -6466
7 -3740 -27904 -7352 -1724 -7814 -8023
7 -3924 -29548 -6912 -3029 -7162 -10879
7 -4368 -28476 -8264 -6726 -6404 -13747
7 -4524 -26228 -9444 -7536 -4570 -16128
7 -5048 -24268 -6684 -7715 -3371 -17876
7 -5540 -21436 -3760 -6772 -3003 -20013
7 -6160 -16944 532 -7644 -4244 -21407
7 -5952 -11548 2992 -8900 -6287 -21402
7 -5328 -6640 3144 -9461 -9322 -19914
7 -4388 -2408 2208 -8857 -11959 -17627
7 -3736 1232 164 -6160 -13943 -14200
7 -3092 2256 -332 -4639 -14549 -10982
7 -3172 1040 -176 -6770 -15383 -8761
7 -2536 1904 -1588 -10209 -16413 -7071
7 -3056 1620 -3120 -8364 -17860 -5579
7 -3784 2492 -5928 -4220 -19444 -3899
7 -3800 6260 -8096 -3815 -20739 104
7 -4940 4708 -14048 -3847 -20636 5237
7 -5168 244 -17872 -3802 -19345 9097
7 -6172 -3084 -17772 -3908 -17489 10880
7 -7808 -5700 -21636 -4998 -17276 13138
7 -9928 -9600 -29728 -3429 -14903 14629
7 -8760 -11152 -32760 -414 -9493 15468
7 -7652 -16640 -32440 -1281 -6025 15390
7 -9892 -17636 -32768 -8388 -2534 14603
7 -10160 -18488 -32768 -5410 2201 14019
7 -10652 -19736 -32768 -2704 7259 13592
7 -10324 -23500 -32768 -2748 10614 12407
7 -10360 -26368 -30780 -2328 14833 9932
7 -10572 -26948 -25932 -3437 17839 7111
7 -10280 -24808 -20924 -3986 20052 4937
7 -9244 -24324 -15908 -5223 20866 3914
7 -7988 -27052 -13564 -4296 20733 1693
7 -7060 -26332 -8072 -2153 20047 -2764
7 -5444 -20928 -6304 -3523 18493 -5383
7 -4460 -14860 -5024 -3318 17877 -5882
7 -2672 -11460 -1876 -2688 16994 -4568
7 -972 -10452 2324 -450 14633 -3445
7 480 -9980 4516 1390 10663 -2846
7 2228 -7792 3784 1017 6597 -2252

7 -2640 -13480 -7296 969 1330 755
7 -2352 -12644 -5632 1308 831 1491
7 -2104 -13040 -4772 821 -277 2166
7 -1944 -13664 -6564 533 -1373 2680
7 -1352 -14964 -7748 1077 -1736 3403
7 -1316 -20112 -9044 -1189 -1981 3668
7 -1276 -26312 -12012 -5010 -1333 2546
7 -1388 -32064 -13992 -4473 1147 -919
7 -2408 -32768 -12416 -4049 4055 -5830
7 -3312 -32768 -7232 -6159 6830 -10761
7 -4260 -32768 620 -8622 7160 -16112
7 -5240 -29472 8268 -10231 4458 -21203
7 -5788 -24288 13204 -11304 -1046 -25792
7 -6832 -16536 13060 -11303 -7695 -28461
7 -7672 -8940 10296 -10141 -12851 -29239
7 -7892 56 7524 -12146 -16074 -27303
7 -7120 7112 4396 -16270 -18046 -23555
7 -7104 12824 844 -16413 -18993 -18594
7 -6984 16620 -584 -10180 -20115 -11806
7 -6332 18308 -3176 -3244 -20938 -4359
7 -7140 18924 -3744 356 -23713 4673
7 -9780 11328 -11700 -706 -26444 12673
7 -11164 2440 -20520 2523 -25060 16720
7 -12636 -5360 -23560 5383 -22648 18208
7 -13640 -12164 -28456 2801 -20167 18045
7 -14060 -16188 -32768 -958 -16003 16740
7 -14444 -19260 -32768 -1319 -10355 15412
7 -17136 -24344 -32768 -2633 -4761 13087
7 -13844 -24948 -32768 -3629 3101 10171
7 -14664 -24008 -32768 -2769 10398 7318
7 -15480 -23016 -32768 -4165 14631 6028
7 -14792 -22596 -30120 -4687 17302 4647
7 -13648 -20668 -25084 -2627 19003 3155
7 -11476 -17716 -21448 -2597 19636 2379
7 -10064 -16732 -20072 -3900 20500 1675
7 -9656 -16288 -19664 -4225 22133 441
7 -8756 -13616 -18300 -1416 24306 -746
7 -9056 -11064 -13592 1846 26187 -1657
7 -7016 -6928 -6404 -1076 24564 -1591
7 -5184 -3120 -4884 -4244 21882 -71
7 -3912 -984 -4364 -4206 19539 1984
7 -2548 224 -4448 -1001 18197 4331
7 -1784 12 -2748 2915 17234 6142
7 -900 1160 1852 2060 15226 8031
7 -320 1292 2332 768 12502 10394
7 -188 792 2204 1364 10101 12675
7 -396 132 2872 3735 8008 15088
7 -1012 -3360 2288 9004 5984 16543
7 -444 -6796 3480 13973 5343 16625
7 176 -9180 8032 16475 3579 15607
7 152 -10752 11240 13247 -931 14915
7 -724 -11888 8736 10743 -6891 15405
7 -1004 -16236 4604 15033 -10409 15941
7 -780 -22908 4064 17950 -13172 15948
7 -3176 -30612 1792 18126 -17681 14466
7 -4536 -32768 -3532 18935 -20874 11790
7 -5920 -32768 -9384 17029 -21199 8786
7 -7340 -32768 -14076 7965 -19259 4238
7 -7700 -32768 -19848 -442 -15975 -2018
7 -6028 -32768 -24528 -3947 -10103 -8658
7 -7932 -32768 -20460 -4090 -5030 -14856
7 -9396 -32768 -14120 -6598 -3137 -19824
7 -10200 -32768 -11432 -8993 -2273 -23111
7 -10272 -24360 -6816 -8937 -2094 -24489
7 -9544 -17452 -4336 -6360 -3684 -24423
7 -8036 -11424 -3824 -3459 -5595 -22710
7 -6868 -7388 -3544 -3241 -7625 -20364
7 -6428 -4988 -6804 -5726 -8831 -17720
7 -5180 -1708 -10024 -6310 -8528 -14770
7 -3156 1908 -9416 -4545 -8154 -11184
7 -1996 1312 -9388 -4273 -8742 -7037
7 -2124 -2128 -12448 -5824 -8580 -4941
7 -1332 -3840 -15624 -4977 -7399 -3622
7 -944 -6164 -17952 -3365 -5004 -2881
7 -424 -7004 -15828 -3846 -2704 -2575

7 -600 -15864 -8324 265 -572 1305
7 -1004 -16180 -8116 1227 -430 1120
7 -1068 -16424 -8264 828 -317 854
7 -1156 -16400 -8412 901 208 374
7 -1060 -16180 -7420 726 778 66
7 -812 -17408 -6592 -890 665 62
7 -728 -20916 -8152 -1526 286 -612
7 -384 -22112 -8976 -1629 424 -1978
7 -616 -21468 -9756 -2798 728 -2234
7 -860 -22156 -10140 -4506 1387 -1560
7 -716 -26188 -9380 -6574 2301 -1698
7 -380 -29368 -7628 -8676 3198 -3987
7 -316 -30000 -5796 -9629 3843 -7571
7 -248 -28976 -2488 -11581 3871 -11390
7 -1608 -27752 -360 -14141 2539 -15285
7 -3428 -24500 -628 -14217 1079 -18828
7 -4868 -19792 112 -10778 -18 -21683
7 -5500 -15252 2272 -7328 -1997 -23474
7 -5732 -10124 4460 -4935 -4750 -24617
7 -6120 -4908 5248 -5703 -8424 -24694
7 -5916 564 4704 -8816 -11991 -23395
7 -5944 5336 3124 -10509 -14031 -20483
7 -5100 8768 648 -6725 -15871 -16657
7 -5052 11088 20 710 -17269 -12085
7 -4444 14032 -72 5554 -19424 -6105
7 -4916 12292 -2968 5895 -22572 1140
7 -6604 8768 -9580 4188 -24752 7255
7 -8512 4188 -16632 3926 -24829 12473
7 -10356 -2020 -24604 5163 -23648 16234
7 -11852 -8912 -32008 5160 -20368 18181
7 -12212 -13168 -32768 3597 -16268 18627
7 -13832 -17600 -32768 -1484 -12887 17887
7 -13032 -17964 -32768 -6512 -7065 17385
7 -13788 -23180 -32768 -2211 -1077 15741
7 -14152 -26940 -32768 265 5704 13012
7 -14100 -27344 -32768 -668 10653 9788
7 -13264 -24756 -32768 -1575 16527 7453
7 -12844 -23372 -32364 -1922 21976 6079
7 -11724 -23036 -25308 -4130 24952 4731
7 -10672 -22536 -20028 -5690 26419 3074
7 -9708 -22172 -16464 -6042 27048 827
7 -8844 -19856 -14756 -5230 27253 -1788
7 -8308 -15572 -12032 -4863 27881 -3639
7 -7280 -10496 -8716 -4751 27701 -4303
7 -5736 -5600 -5072 -5635 26208 -3463
7 -3892 -1016 -2496 -6158 24879 -1436
7 -2904 2248 -40 -3843 23813 1912
7 -960 5232 6172 2241 20939 5647
7 -1056 6492 10720 4302 16585 10389
7 -784 7840 11936 1991 11496 15652
7 -1228 7492 8704 517 6434 21853
7 -1016 4004 4972 7426 4756 26976
7 -672 -4104 8516 15979 4018 29580
7 -752 -14028 15856 14342 -135 28272
7 -64 -19640 16100 6135 -8267 23916
7 -784 -20996 8060 6218 -14172 21091
7 -2028 -26248 4492 14394 -17047 18735
7 -4392 -30120 5696 19780 -20476 15975
7 -6944 -32768 2996 18581 -24696 13826
7 -8888 -32768 -4872 14867 -26998 11739
7 -12364 -32768 -15052 14417 -25889 6655
7 -10292 -32768 -15900 10695 -22717 -39
7 -10548 -32768 -16320 4881 -18701 -7618
7 -11372 -32768 -15516 -388 -15457 -14106
7 -13212 -32768 -15276 -2357 -12653 -18885
7 -13576 -32768 -12588 -3132 -10132 -22198
7 -14288 -32532 -11156 -6694 -9559 -25430
7 -14584 -25948 -13296 -9384 -7931 -28665
7 -13724 -18144 -13524 -7907 -5936 -29770
7 -12520 -10472 -11852 -6727 -4580 -29291
7 -10956 -2984 -10996 -9129 -3769 -26593
7 -7560 5096 -11300 -11323 -2825 -21515
7 -4288 8764 -10540 -6638 -1827 -15637
7 -1508 8640 -7624 -3403 -2600 -9778
7 -648 4280 -9348 -3090 -3459 -5527

7 -2304 -14044 -8968 48 -1552 2755
7 -2832 -15696 -9132 24 -803 3352
7 -2804 -18620 -9280 -1013 -176 2940
7 -2760 -19480 -9896 -3032 687 2155
7 -3112 -21736 -9340 -5773 1887 1926
7 -2408 -26716 -7988 -8990 1888 1841
7 -1624 -32524 -8056 -9493 1349 -288
7 -972 -32768 -9124 -6762 2226 -4511
7 -2220 -32768 -7892 -3309 4189 -9733
7 -3180 -32768 -1592 -4736 5935 -15736
7 -4144 -31940 4640 -8554 5351 -21558
7 -5856 -26264 9060 -11390 2581 -26282
7 -6740 -19024 11276 -10806 -1553 -29492
7 -7784 -9984 12056 -7747 -7182 -30429
7 -8796 -1232 9428 -3503 -12226 -28244
7 -9460 6560 8032 -848 -15418 -25008
7 -9820 15104 9872 -7247 -17954 -21300
7 -8796 23340 7916 -14500 -21146 -14252
7 -10260 28276 7104 -12342 -26000 -4431
7 -11812 24176 -2168 -5587 -30765 7719
7 -13632 14140 -10544 4546 -32768 16657
7 -16556 436 -17660 10564 -32768 22026
7 -18360 -13036 -27100 8996 -31488 22426
7 -18592 -18444 -32768 4117 -26294 20007
7 -17676 -21940 -32768 -618 -19671 18019
7 -17552 -26864 -32768 -819 -11459 15372
7 -14108 -28304 -32768 -1511 -1398 11228
7 -16360 -30580 -32768 -297 7547 7978
7 -17088 -29888 -32768 -2864 15698 5073
7 -17580 -30088 -32768 -7247 22473 2248
7 -18112 -28624 -32768 -3486 29805 -1425
7 -19164 -25032 -30848 1164 32767 -4862
7 -18976 -20216 -19696 729 32767 -7426
7 -17284 -15416 -12200 -4738 32767 -8159
7 -14812 -10404 -10356 -7972 32767 -7814
7 -13460 -4324 -8032 -2087 32767 -6444
7 -12728 428 964 1504 32767 -4094
7 -9284 4696 8932 -160 32686 -232
7 -6232 8240 16620 631 28310 4066
7 -2812 10656 21972 -240 20252 10111
7 -1232 8620 19244 -1444 13170 16865
7 -868 4084 16916 5571 6651 21685
7 -840 -708 14188 13363 2164 24475
7 -828 -7428 11952 20548 -153 24709
7 -456 -10812 12896 12374 -2244 23621
7 -580 -12756 9072 2226 -4785 22267
7 -1520 -14660 5508 1731 -6815 21494
7 -892 -19768 4088 8229 -9266 20878
7 -860 -24756 5012 11800 -12501 18871
7 -2172 -30420 2356 8991 -16359 16287
7 -4492 -32768 -7592 5088 -18391 14308
7 -5148 -32768 -13444 7220 -16924 10482
7 -8064 -32768 -21888 6309 -14002 3989
7 -6676 -32768 -17132 3070 -9546 -4305
7 -7188 -32768 -15092 -1180 -6611 -10698
7 -7884 -32768 -11488 -4655 -4994 -15220
7 -8956 -32768 -9912 -3966 -5304 -18880
7 -8864 -30212 -9224 -3110 -5384 -20839
7 -9032 -24668 -8620 -4552 -5294 -21212
7 -8704 -21324 -8724 -7003 -5030 -21321
7 -8176 -16528 -6652 -8363 -4994 -20904
7 -7100 -12420 -7228 -8407 -5391 -19660
7 -6116 -8932 -6224 -7642 -5603 -17796
7 -5440 -6412 -4668 -8024 -6564 -15509
7 -4492 -4640 -5576 -8394 -7651 -12985
7 -3604 -3668 -6712 -6413 -8481 -10742
7 -2732 -3796 -7368 -2872 -8950 -8590
7 -2368 -5152 -8596 -1767 -9329 -7276
7 -1576 -5196 -10648 -3210 -9600 -6259
7 -1192 -5232 -14384 -3207 -8386 -5316
7 -724 -6148 -15856 -1748 -6371 -4444
7 -40 -6676 -14568 -1279 -4766 -3844
7 420 -7016 -12920 -2297 -3986 -3479
7 944 -6604 -12180 -2768 -3686 -2861
7 940 -6984 -11768 -2238 -3785 -1941

7 -2588 -13352 -6540 78 -667 3814
7 -2332 -14964 -5528 677 -891 4879
7 -2148 -17952 -5032 -128 -1728 4849
7 -1976 -19696 -6696 -1308 -2539 4195
7 -1912 -21212 -9472 -1818 -2238 3744
7 -1788 -24688 -11636 -2225 -738 2897
7 -2000 -28688 -11396 -3314 1219 1031
7 -2464 -31400 -10596 -4612 2877 -2056
7 -3340 -32156 -8132 -7409 4537 -5427
7 -3612 -32136 -5548 -9882 6039 -8971
7 -4140 -31084 -1780 -10364 6412 -12968
7 -4628 -28656 1648 -10964 5513 -17195
7 -4836 -24308 4664 -12370 3509 -21004
7 -5000 -18596 4040 -12273 1804 -23513
7 -5708 -13664 5756 -11682 -184 -24595
7 -5392 -9000 7320 -12791 -3397 -24314
7 -5192 -4112 6588 -13398 -7235 -23038
7 -3936 1068 3424 -12921 -10619 -20416
7 -4132 4196 -372 -12830 -12110 -17112
7 -4316 5096 -992 -11971 -12057 -13726
7 -4692 3296 832 -11234 -13708 -11666
7 -4820 4368 1352 -11028 -16749 -10690
7 -5352 8164 -2076 -7739 -21836 -7719
7 -7616 7308 -10036 -5153 -23793 -3358
7 -7756 5848 -14928 -3874 -23831 702
7 -8272 1840 -20348 -2515 -23478 4106
7 -8732 -1708 -24972 868 -21707 5843
7 -8608 -3680 -28332 2640 -19403 7599
7 -9060 -6100 -32332 1599 -17070 9044
7 -9300 -6944 -32768 -861 -14106 10705
7 -10248 -7948 -32768 -3881 -9634 12877
7 -9396 -14064 -32768 -1216 -3525 12509
7 -9944 -16420 -32768 29 3755 11676
7 -10588 -17292 -32768 -2971 7525 11322
7 -10168 -19644 -32768 -3453 9797 10663
7 -10016 -20208 -32768 -1628 13113 9208
7 -10244 -20168 -30064 -989 16192 7461
7 -9708 -18996 -25244 -2471 18297 5921
7 -8828 -17008 -20904 -4179 19732 4702
7 -7764 -13892 -17732 -3768 20347 4270
7 -6568 -10928 -13852 -878 20356 4011
7 -5200 -8744 -10332 -232 19561 4232
7 -4228 -8460 -8636 -1942 18297 4720
7 -3152 -9392 -9076 -1963 17399 4344
7 -2288 -8480 -9260 1011 17436 2931
7 -2044 -6144 -6780 3489 17082 2256
7 -968 -4124 -4348 4370 15680 2288
7 -344 -3788 -3204 1990 13503 3260
7 412 -3740 -3700 1269 12133 3897
7 1108 -2896 -3428 1806 11337 4652
7 1080 -2148 -1536 3763 10598 5681
7 1656 -1444 1652 5905 8568 7160
7 1528 -1444 3328 7464 5333 9234
7 1564 -3068 3140 9954 2256 11302
7 1908 -4420 1840 11152 -85 13031
7 2380 -8732 752 12184 -1473 13331
7 3016 -10852 704 12136 -2590 12847
7 2576 -13008 984 13675 -4166 12588
7 2432 -15416 3076 14552 -6280 12608
7 2844 -19656 2112 12617 -9531 13124
7 1356 -24852 -1544 11812 -13358 13515
7 -228 -30356 -3812 13927 -15670 13161
7 -1840 -32768 -5660 15669 -17825 10661
7 -3428 -32768 -11092 11801 -19335 6454
7 -4600 -32768 -19388 4975 -17154 530
7 -5352 -32768 -24288 -488 -11844 -5449
7 -5696 -32768 -22604 -5193 -6219 -10831
7 -6796 -32768 -18676 -7279 -3061 -15365
7 -7716 -32768 -15948 -6737 -1853 -19246
7 -7756 -28856 -12608 -4874 -1543 -22116
7 -8580 -22164 -10456 -5270 -2038 -23547
7 -8492 -15400 -9164 -7175 -1934 -22885
7 -7408 -10948 -7800 -6858 -1842 -21156
7 -6096 -7136 -5024 -5672 -3011 -19234
7 -4564 -4112 -4828 -4710 -5204 -16724

7 -2752 -14364 -11528 -1830 -1892 -442
7 -2920 -15148 -13948 -1998 -1808 -480
7 -3212 -16880 -16236 -582 -321 -1064
7 -3316 -19552 -17108 -1437 994 -2567
7 -3652 -19160 -20212 -4118 2733 -4613
7 -4512 -17836 -24108 -7202 5940 -5827
7 -5736 -17536 -26640 -7986 11038 -6888
7 -5668 -17348 -22940 -7710 15568 -7938
7 -6496 -16508 -17820 -12218 17000 -9096
7 -5972 -14392 -18392 -14973 17651 -9689
7 -6292 -12192 -18100 -11414 19103 -10114
7 -5344 -9104 -15348 -7812 20646 -10201
7 -4204 -6616 -10080 -6773 21360 -9796
7 -3392 -3816 -6448 -9779 19381 -8390
7 -2704 -28 -6340 -9272 18238 -5713
7 -1932 3116 -3728 -4307 17387 -2304
7 -780 6416 412 133 15144 2145
7 -316 7792 3292 5275 12430 7237
7 -208 7680 4776 9216 9963 12679
7 -848 3700 7144 12222 8163 17696
7 -772 -1260 10788 14224 6051 20792
7 668 -7236 13920 13548 2264 22698
7 964 -14680 14924 11310 -3268 22403
7 -76 -20708 9164 12897 -8118 21157
7 -108 -25224 6372 17609 -10471 19448
7 -1336 -29428 3900 14478 -12187 16868
7 516 -32768 -944 9671 -12292 14925
7 316 -32768 -5452 8623 -13654 12349
7 -548 -32768 -9472 10677 -13868 9007
7 -564 -32768 -12444 8745 -12843 5307
7 -260 -32768 -15436 2967 -10959 1524
7 528 -32768 -16860 -109 -7724 -2765
7 -584 -32768 -14944 -383 -5436 -6560
7 -1280 -32768 -11848 -1398 -4108 -9365
7 -1596 -32768 -9812 -4115 -3859 -11892
7 -1852 -28972 -10012 -6938 -3004 -14174
7 -1968 -25512 -7612 -7707 -2190 -15496
7 -1860 -22920 -4620 -9310 -2745 -16488
7 -1664 -21268 -3908 -9870 -3795 -17497
7 -3088 -20700 -3488 -10206 -4194 -19321
7 -4344 -17256 -2264 -11385 -5305 -20499
7 -5572 -14448 -456 -10976 -6515 -21029
7 -6840 -12720 264 -10142 -8945 -20947
7 -6836 -9816 -536 -9131 -10595 -20541
7 -6864 -7484 -608 -8185 -11479 -20089
7 -6504 -4884 508 -7691 -12676 -19338
7 -6148 -2020 640 -7016 -15156 -18461
7 -5552 688 -2556 -5645 -16623 -17053
7 -4944 4348 -3804 -3596 -17494 -14941
7 -4092 6236 -5824 -2289 -17473 -12025
7 -3728 7776 -7060 1167 -17292 -9843
7 -2760 10192 -8796 1286 -16079 -6010
7 -3128 10368 -11152 3826 -15926 -2181
7 -3420 11880 -15352 -16 -16522 4009
7 -4512 7536 -22356 -2102 -14285 10623
7 -4892 -1504 -21012 -73 -11636 14080
7 -5492 -7628 -20900 -3203 -13502 15255
7 -6688 -9920 -30608 -4114 -14161 16266
7 -9348 -12948 -32768 -4436 -11386 18173
7 -9192 -18752 -32768 -2872 -4823 17933
7 -8308 -21904 -32768 -2140 1158 15981
7 -7144 -23980 -32768 2362 5268 12700
7 -6520 -22752 -32768 1681 7528 10153
7 -6244 -18984 -32768 -1144 10854 9848
7 -6644 -21300 -32500 -727 14825 10177
7 -5828 -23536 -25856 -1021 18049 9060
7 -4864 -22520 -20192 -961 19201 7319
7 -4648 -23636 -15032 -1016 19537 5479
7 -3192 -20984 -10724 -2826 18152 3702
7 -3336 -16892 -9620 -2875 17526 2780
7 -2088 -11632 -5644 -2372 17785 3867
7 -816 -16316 -820 -2188 16311 4140
7 492 -19348 1328 -3043 13573 492
7 1288 -14052 -324 -3627 11029 -2815
7 2992 -7040 -1360 -2836 9986 -2786

7 -1704 -15256 -7892 -491 694 -565
7 -1916 -14528 -7284 -442 615 -331
7 -1956 -14392 -6600 -621 115 203
7 -2080 -15068 -6852 -893 -588 849
7 -2596 -16636 -7928 -1109 -1286 1176
7 -3212 -19392 -9684 -2326 -1679 973
7 -3812 -22248 -12172 -4192 -1343 -151
7 -4268 -24992 -15084 -5643 -481 -2119
7 -4312 -26164 -17760 -7009 986 -4200
7 -4576 -25212 -21052 -7165 3162 -6382
7 -4368 -22816 -22372 -6429 6354 -8047
7 -4548 -20380 -21568 -7107 9973 -9267
7 -4412 -18336 -18856 -9624 13434 -10199
7 -4504 -15620 -14536 -12751 15546 -10999
7 -4092 -12256 -12180 -13487 15966 -11138
7 -2744 -7132 -10624 -13024 15237 -10010
7 -1940 -3696 -10632 -12776 14619 -7715
7 -1696 -1040 -11132 -13016 14037 -4114
7 -1396 -768 -11908 -11314 14388 -741
7 -1260 -232 -9240 -6434 14895 2004
7 -768 536 -4528 -5203 13629 4550
7 -504 888 -2796 -7174 11208 7216
7 -612 948 -1544 -5181 8892 9725
7 -624 192 -668 -2506 6713 12469
7 -388 -3416 196 1543 4739 14008
7 -144 -7076 1756 5861 2820 13756
7 380 -9220 3408 8391 674 12663
7 316 -10352 3088 8929 -1186 11821
7 448 -10344 3100 9256 -2735 11984
7 1164 -12112 4108 9062 -4391 13226
7 608 -17508 4012 10462 -6934 13307
7 8 -21208 2540 12772 -9790 12250
7 -368 -22848 764 14374 -11824 11020
7 -1028 -24708 -176 11968 -13432 10503
7 -940 -27380 -3876 10090 -14571 9351
7 -2036 -29700 -9432 12499 -14694 8205
7 -2732 -32768 -10188 14824 -13889 6987
7 -2124 -32768 -10680 9087 -13845 4417
7 -2348 -32768 -14584 3769 -12176 1080
7 -3088 -32768 -16948 909 -9794 -2109
7 -3796 -32768 -15816 1005 -7258 -5434
7 -4288 -32768 -13992 230 -5452 -8278
7 -4308 -32768 -11784 -1791 -3706 -11392
7 -4328 -32768 -9588 -5458 -2516 -14793
7 -5140 -30484 -8008 -8380 -1798 -17713
7 -5936 -26800 -7896 -9791 -1400 -20036
7 -6356 -22320 -7304 -9089 -752 -21384
7 -6300 -18664 -5264 -8424 11 -22169
7 -5964 -16348 -1716 -9424 -103 -22990
7 -5192 -12456 1272 -11176 -1650 -23527
7 -4924 -8820 2648 -11084 -3904 -23222
7 -4128 -4512 2084 -8959 -6776 -22094
7 -3432 308 1572 -6519 -9509 -19437
7 -2688 1228 224 -3625 -12364 -15808
7 -2848 1368 -432 -1000 -14610 -12789
7 -3132 1196 -2232 -2116 -16306 -10599
7 -2700 2696 -4168 -4776 -16978 -8777
7 -3108 4760 -5668 -4918 -17015 -6740
7 -3220 7748 -5908 -3538 -17049 -3421
7 -2896 9336 -7124 140 -18324 1427
7 -3440 6860 -11832 4060 -19301 6730
7 -4608 3056 -15408 5853 -18381 10464
7 -5308 -2036 -18236 3624 -17517 13094
7 -6756 -8388 -23412 1437 -15949 13627
7 -7560 -10116 -28640 2467 -13829 13703
7 -8036 -11796 -31100 3958 -11022 15102
7 -10396 -16240 -32768 627 -8460 16490
7 -9112 -18324 -32768 -3614 -1447 17692
7 -9428 -22872 -32768 -1183 5472 17144
7 -9212 -27148 -32768 -1312 10350 14822
7 -8980 -29276 -30024 -976 11864 11413
7 -8840 -29472 -30764 1019 14024 8181
7 -9148 -29112 -29552 921 18132 5807
7 -9940 -30496 -23352 -1940 22521 3258
7 -9300 -30896 -16636 -5495 24658 60

7 -516 -16600 -5800 -1484 -2656 -1184
7 -360 -16724 -6524 -1814 -2649 -1076
7 -668 -18132 -7596 -820 -2604 -1356
7 -64 -18940 -8148 -1478 -2810 -1555
7 124 -20116 -10928 -4818 -2697 -1583
7 -1100 -21532 -15144 -8786 -1757 -1314
7 -2516 -24668 -19256 -10752 185 -1473
7 -3240 -26408 -21400 -10942 2584 -2776
7 -3756 -26256 -22004 -10296 5454 -4526
7 -4536 -25288 -21536 -10888 7572 -6364
7 -5084 -22536 -21144 -10861 10026 -8395
7 -5180 -17756 -19644 -9477 12445 -9977
7 -4836 -12352 -16940 -7901 14600 -10303
7 -4556 -7440 -12684 -8591 15939 -9506
7 -3800 -3616 -9876 -11338 16282 -7445
7 -2648 -1312 -7528 -12186 16350 -4647
7 -1692 340 -3780 -11455 15341 -1856
7 -696 1136 -1432 -9137 12723 980
7 -184 1120 -1516 -6260 9910 3492
7 696 1284 -444 -757 8577 5618
7 744 1668 3352 269 5987 8100
7 524 2160 3568 -742 3769 10264
7 -68 352 536 500 2990 12051
7 480 -4928 -2020 5640 4546 12954
7 1348 -9820 1964 8762 4816 12106
7 1568 -12368 4604 6404 3731 10645
7 3392 -12312 5072 6349 2391 10160
7 3532 -12660 7592 8320 -584 11845
7 2096 -18308 7404 11948 -4439 13632
7 1076 -24936 7488 15590 -8063 13593
7 84 -29160 7788 12142 -11970 11964
7 -448 -32036 184 6646 -14800 10212
7 -2656 -32768 -7556 6630 -15335 8538
7 -1420 -32156 -8332 6315 -14655 6959
7 -976 -32768 -11168 6726 -13889 5304
7 -1532 -32768 -13896 3516 -13425 2799
7 -2204 -32768 -17936 2652 -11255 -182
7 -2608 -32768 -16912 2918 -8434 -2709
7 -2924 -32768 -13640 -154 -6775 -5366
7 -3072 -32768 -15008 -5428 -5154 -8471
7 -3832 -32768 -15548 -7143 -2631 -11762
7 -3956 -32260 -13932 -6994 52 -14561
7 -4444 -29796 -10720 -8204 1845 -17532
7 -5332 -26360 -7264 -11638 3130 -20169
7 -5876 -21636 -4096 -12735 3230 -21623
7 -5840 -18348 -1140 -10539 2296 -22473
7 -5484 -13856 1696 -8760 -195 -22797
7 -4408 -8248 3224 -8345 -3254 -21580
7 -3064 -4284 4444 -7778 -6763 -19071
7 -1684 -1712 3692 -6872 -10742 -16048
7 -908 -840 504 -3970 -13449 -13277
7 -456 -1380 -2132 -385 -14579 -10933
7 -620 -3196 -3672 829 -14600 -9440
7 -916 -3848 -2600 -2217 -14989 -8941
7 -1728 -2940 -4268 -3700 -15793 -8423
7 -2188 -1068 -3908 -1711 -16324 -7287
7 -2564 364 -4664 641 -17068 -5233
7 -2676 516 -6804 1760 -17945 -2886
7 -2932 644 -9620 3263 -18413 -415
7 -3424 -572 -14412 4170 -17797 2080
7 -4488 -3572 -19240 4206 -15009 3779
7 -4256 -4668 -21748 4811 -11576 4885
7 -4312 -4756 -24276 4438 -8344 6593
7 -4144 -4456 -25288 1880 -4663 9406
7 -4972 -7156 -28276 2004 -1812 12644
7 -5384 -11500 -28596 2647 -88 15306
7 -5160 -16064 -26492 3861 202 16347
7 -5004 -21108 -28764 -764 858 16586
7 -5324 -25616 -32768 -4008 2300 15442
7 -5228 -28528 -32768 -3490 7025 13607
7 -4864 -32768 -32768 -1061 11356 10603
7 -5720 -32768 -32768 -26 16433 5733
7 -7132 -32768 -26684 -2710 22009 826
7 -7336 -32768 -19000 -8767 24639 -2811
7 -7168 -30076 -12084 -9194 25564 -5705

7 -1020 -17208 -4120 -391 -1830 -1241
7 -1104 -18492 -4648 1525 -1616 -2057
7 -1392 -18776 -3804 2363 -1495 -3483
7 -1904 -17028 -3704 629 -1576 -4078
7 -2392 -16988 -3740 -2354 -2253 -3402
7 -2380 -20128 -6164 -4806 -3532 -3117
7 -2132 -22020 -10180 -4907 -4439 -3007
7 -3096 -24936 -14372 -5276 -4996 -2733
7 -3896 -28136 -19644 -7875 -3903 -3472
7 -4292 -28508 -23284 -9592 -460 -5348
7 -4628 -27596 -23204 -11991 4127 -7430
7 -4112 -24692 -20944 -13826 8767 -9690
7 -4076 -20176 -16864 -14095 12176 -11648
7 -3824 -14140 -12624 -13681 13889 -11943
7 -3668 -9392 -9368 -13604 14912 -10838
7 -3132 -5860 -6244 -15344 14609 -8743
7 -2196 -2928 -5552 -15818 13608 -6000
7 -1556 -1176 -5468 -14162 13129 -3151
7 -200 -76 -4224 -11770 12451 -218
7 500 -656 -4076 -9758 11303 2142
7 648 -328 -3232 -7730 10570 3802
7 596 1020 -2368 -6525 9954 5868
7 348 588 -2032 -3200 9514 8410
7 -148 -1112 608 245 8704 10366
7 -48 -3840 2352 2734 6612 11336
7 336 -5388 1688 4807 4574 11919
7 -544 -8632 172 8323 3751 11698
7 288 -8672 2396 10688 3678 11274
7 972 -10240 7528 9044 2041 12329
7 524 -15104 8452 9696 -2572 13164
7 364 -17708 6108 15501 -6540 13653
7 272 -22952 6216 19497 -8942 13960
7 -1032 -28064 6152 15612 -11959 13089
7 44 -32032 712 11782 -12895 11466
7 1084 -32768 -2828 10128 -14602 9398
7 2040 -32768 -7792 6683 -14397 6728
7 924 -32768 -13148 5913 -12630 3627
7 -528 -32768 -12204 5936 -10330 1343
7 -968 -32768 -9716 901 -9598 -1800
7 -2148 -32768 -11884 -5120 -8728 -6622
7 -2360 -32768 -12764 -4885 -6408 -11019
7 -2996 -32768 -8104 -4917 -4637 -15037
7 -3884 -32768 -4552 -8080 -4858 -18864
7 -4484 -29876 -3988 -10658 -5395 -21850
7 -5588 -24752 -3928 -10798 -5484 -24123
7 -6080 -18288 -2428 -9510 -5626 -25225
7 -6372 -12364 180 -9679 -6648 -24960
7 -6060 -7136 1916 -9652 -8208 -23437
7 -5504 -3324 2924 -9146 -9964 -21110
7 -4340 -908 3952 -8209 -12393 -18298
7 -3684 780 2436 -7935 -14860 -15473
7 -3424 1068 -276 -5105 -16098 -12997
7 -3240 684 -1208 -2152 -17018 -11125
7 -3384 832 -3532 -1394 -17135 -9797
7 -3224 3376 -5004 -1806 -16647 -8034
7 -2888 5192 -7976 -565 -14425 -5294
7 -2828 5236 -8476 2625 -12453 -2100
7 -3768 4464 -7712 6737 -12608 854
7 -3296 2740 -9808 7118 -13461 4332
7 -4172 -88 -12120 4459 -13964 7210
7 -5228 -4328 -17980 3774 -14827 9479
7 -6376 -8672 -24052 5140 -14717 11396
7 -7316 -13048 -29096 5382 -12705 12806
7 -6376 -18536 -32768 3816 -9347 12802
7 -5216 -20416 -32768 -147 -5464 11818
7 -5192 -24384 -32768 765 -487 11023
7 -5720 -22680 -32768 -2015 4867 12098
7 -6696 -25024 -32768 -3618 9389 12611
7 -6152 -25080 -28900 -4023 13191 11807
7 -5072 -25160 -21616 -4835 14945 10781
7 -4664 -27948 -18416 -5735 14782 9448
7 -4484 -29864 -19132 -5648 15192 6972
7 -3560 -30212 -17052 -5450 17221 4405
7 -3532 -31044 -12748 -8448 18513 1867
7 -3668 -30764 -9836 -9523 18324 -1331

7 -1292 -17452 -6112 1000 -1311 1416
7 -1500 -17852 -6488 1140 -1255 813
7 -1720 -17032 -6780 1061 -890 468
7 -2060 -17120 -6928 -224 -675 468
7 -2284 -18816 -7764 -2221 -229 356
7 -2080 -20696 -7924 -2986 -473 -352
7 -1600 -22604 -10928 -2663 -791 -1038
7 -2312 -24196 -12712 -3228 -425 -2402
7 -3260 -25316 -15412 -7466 554 -3286
7 -3760 -25604 -19020 -9961 3129 -4484
7 -4248 -25008 -19432 -8276 6658 -6367
7 -3916 -23764 -16604 -7909 9140 -8246
7 -3988 -21012 -14168 -9718 10627 -10342
7 -4036 -15624 -12208 -10553 11669 -11766
7 -4064 -10408 -10860 -11320 12693 -11140
7 -3756 -6824 -9248 -12329 13338 -9658
7 -3044 -3892 -8248 -13016 13786 -7354
7 -2476 -1584 -6232 -10549 14065 -4923
7 -1688 64 -3624 -9723 13320 -2111
7 -1512 752 -2132 -8378 12071 464
7 -1632 2192 -660 -5937 10787 3126
7 -1540 3116 864 -2059 9310 6411
7 -768 1748 3248 845 7211 9604
7 -792 -1136 4932 1509 4237 11759
7 128 -3144 4168 2446 1702 13156
7 -860 -6712 3872 5062 43 14287
7 624 -10624 6520 8587 -2227 14867
7 2236 -15024 8560 13550 -5473 14620
7 1292 -18492 9020 15829 -9162 13858
7 -292 -19700 5100 14255 -12209 14724
7 -56 -25708 1812 16402 -12696 15394
7 160 -32768 1068 15423 -13541 13927
7 -468 -32768 -528 10495 -14572 10492
7 -1560 -32768 -7968 3992 -14875 6443
7 -2312 -32768 -14324 1748 -12390 2708
7 -2964 -32768 -15524 440 -9034 -986
7 -3476 -32768 -15916 -1952 -6384 -5157
7 -3532 -32768 -15104 -3501 -3501 -9694
7 -3336 -32768 -11120 -4601 -995 -13749
7 -3816 -32768 -5956 -6893 -319 -17347
7 -4020 -29576 -3040 -10883 -1598 -19576
7 -4512 -25556 -4084 -11590 -2472 -20853
7 -4828 -21696 -3904 -10128 -2233 -21532
7 -4780 -17916 -888 -8661 -2734 -21666
7 -4508 -14672 1808 -9084 -4790 -21420
7 -4816 -11844 1324 -9000 -7019 -21185
7 -5044 -7276 972 -7799 -8602 -20355
7 -4876 -4060 816 -6054 -9620 -18359
7 -4752 -2040 1664 -3415 -11043 -16002
7 -4768 -768 4652 -1780 -14186 -13823
7 -5012 88 2880 -1507 -16826 -12278
7 -5180 1616 896 -2227 -19158 -10853
7 -5480 4484 -1664 -3839 -20692 -8754
7 -5760 6144 -5144 -2108 -21846 -5575
7 -5376 8012 -7364 1434 -23104 -1306
7 -5632 4704 -13024 6115 -23019 2578
7 -6268 1268 -16576 5167 -21936 5157
7 -7140 -600 -21816 -169 -19575 7999
7 -7320 -6312 -28408 -404 -15413 10083
7 -7264 -9944 -27900 487 -10984 10279
7 -6452 -10972 -28252 -3002 -8799 11142
7 -6508 -11640 -30584 -5387 -6681 12775
7 -6404 -15332 -32768 -5067 -3578 14579
7 -4720 -20048 -32768 -2190 1734 14267
7 -6092 -23656 -32768 -2323 6353 13426
7 -6684 -24668 -32768 -5623 10635 12805
7 -6788 -26924 -29324 -8599 13272 11870
7 -6116 -31392 -29612 -7354 15701 9627
7 -6164 -31900 -27004 -2779 19787 5877
7 -6684 -29908 -20116 -1113 22687 2744
7 -5924 -27628 -14052 -1833 23433 166
7 -4536 -24036 -9012 -3342 22180 -2205
7 -2956 -19612 -6952 -3565 20095 -3584
7 -1804 -14708 -5920 -3722 18323 -3530
7 -1220 -11936 -5416 -3435 16368 -2582