0 -4492 -672 15608 -134 -773 -119
0 -4460 -664 15588 44 -545 -134
0 -4548 -652 15624 -91 -853 -190
0 -4472 -648 15448 -151 -758 -195
0 -4476 -656 15532 -58 -768 -166
0 -4576 -616 15512 -210 -759 -191
0 -4384 -724 15564 -22 -732 -181
0 -4512 -656 15536 -230 -819 -199
0 -4444 -720 15504 -64 -716 -138
0 -4504 -656 15520 -228 -767 -158
0 -4440 -664 15664 -38 -740 -166
0 -4448 -684 15544 -158 -714 -156
0 -4500 -632 15664 -95 -751 -177
0 -4404 -656 15508 -151 -756 -161
0 -4408 -624 15504 -94 -751 -167
0 -4456 -672 15620 -143 -768 -168
0 -4472 -648 15512 -146 -740 -156
0 -4476 -584 15588 -135 -771 -180
0 -4452 -648 15524 -129 -766 -127
0 -4512 -664 15604 -106 -736 -153
0 -4460 -668 15624 -128 -730 -161
0 -4468 -692 15532 -91 -753 -177
0 -4476 -708 15560 -115 -735 -168
0 -4460 -684 15552 -137 -732 -176
0 -4500 -724 15540 -129 -703 -159
0 -4536 -672 15636 -120 -728 -205
0 -4540 -692 15588 -110 -746 -171
0 -4440 -616 15580 -123 -745 -147
0 -4544 -584 15616 -111 -752 -161
0 -4476 -676 15696 -108 -738 -192
0 -4460 -680 15540 -144 -774 -143
0 -4356 -644 15504 -136 -716 -178
0 -4468 -700 15544 -112 -725 -154
0 -4456 -676 15544 -122 -730 -210
0 -4488 -668 15492 -120 -732 -181
0 -4528 -676 15572 -101 -716 -189
0 -4484 -684 15604 -112 -729 -193
0 -4412 -732 15536 -116 -729 -177
0 -4544 -640 15552 -144 -740 -194
0 -4428 -600 15588 -128 -750 -160
0 -4440 -660 15492 -109 -696 -198
0 -4436 -684 15556 -147 -713 -145
0 -4516 -736 15496 -105 -772 -150
0 -4424 -668 15564 -128 -750 -167
0 -4476 -680 15468 -109 -749 -160
0 -4512 -644 15492 -95 -748 -145
0 -4504 -688 15628 -131 -758 -143
0 -4480 -668 15592 -107 -739 -136
0 -4464 -636 15544 -77 -739 -150
0 -4476 -640 15472 -127 -706 -184
0 -4444 -636 15428 -122 -749 -191
0 -4428 -620 15492 -108 -742 -189
0 -4492 -644 15640 -81 -745 -187
0 -4484 -676 15572 -115 -756 -157
0 -4504 -648 15532 -104 -706 -134
0 -4508 -652 15612 -104 -727 -145
0 -4460 -600 15460 -101 -718 -179
0 -4504 -708 15572 -123 -708 -138
0 -4456 -620 15628 -130 -744 -160
0 -4520 -684 15512 -135 -734 -210
0 -4436 -652 15512 -96 -724 -172
0 -4488 -660 15516 -117 -723 -161
0 -4440 -612 15512 -138 -730 -180
0 -4496 -708 15572 -103 -741 -158
0 -4448 -628 15488 -125 -729 -174
0 -4448 -716 15544 -68 -777 -172
0 -4484 -612 15556 -124 -750 -171
0 -4500 -652 15568 -125 -737 -165
0 -4476 -640 15560 -80 -761 -188
0 -4524 -676 15588 -120 -748 -171
0 -4472 -656 15608 -125 -729 -172
0 -4472 -640 15584 -109 -762 -179
0 -4500 -660 15468 -130 -728 -197
0 -4456 -580 15564 -111 -740 -157
0 -4468 -748 15524 -105 -719 -191

0 -4436 -684 15544 -76 -720 -197
0 -4444 -696 15596 -60 -699 -200
0 -4536 -764 15544 -45 -813 -110
0 -4472 -596 15556 -156 -701 -180
0 -4444 -672 15688 -41 -684 -150
0 -4448 -612 15504 -185 -779 -177
0 -4536 -676 15544 -59 -720 -181
0 -4512 -732 15472 -161 -790 -151
0 -4484 -768 15572 -137 -708 -171
0 -4524 -648 15432 -178 -674 -190
0 -4440 -656 15680 -57 -763 -182
0 -4504 -584 15560 -109 -736 -176
0 -4432 -632 15540 -61 -731 -148
0 -4460 -624 15492 -139 -720 -151
0 -4540 -660 15576 -73 -749 -165
0 -4512 -732 15664 -140 -744 -146
0 -4460 -652 15564 -97 -746 -163
0 -4448 -660 15564 -125 -735 -132
0 -4464 -584 15516 -146 -736 -164
0 -4476 -740 15540 -119 -759 -174
0 -4512 -680 15484 -132 -762 -180
0 -4444 -640 15532 -87 -707 -165
0 -4544 -688 15484 -93 -749 -153
0 -4528 -652 15616 -109 -753 -149
0 -4532 -720 15496 -130 -763 -157
0 -4468 -704 15560 -113 -726 -165
0 -4484 -576 15532 -87 -768 -164
0 -4504 -684 15492 -116 -763 -181
0 -4472 -736 15492 -154 -752 -166
0 -4512 -596 15592 -84 -741 -140
0 -4472 -672 15580 -107 -745 -144
0 -4472 -640 15496 -77 -765 -174
0 -4432 -688 15532 -106 -713 -179
0 -4480 -636 15488 -137 -746 -177
0 -4456 -696 15628 -98 -762 -116
0 -4576 -684 15600 -108 -730 -143
0 -4484 -668 15564 -151 -715 -170
0 -4496 -672 15496 -99 -737 -160
0 -4460 -628 15504 -138 -754 -178
0 -4508 -708 15524 -78 -748 -164
0 -4424 -604 15656 -133 -708 -140
0 -4512 -608 15564 -87 -733 -163
0 -4488 -716 15540 -113 -736 -187
0 -4464 -632 15480 -146 -742 -157
0 -4508 -656 15640 -110 -765 -142
0 -4488 -728 15580 -127 -743 -144
0 -4432 -688 15516 -117 -708 -177
0 -4468 -664 15556 -90 -747 -157
0 -4492 -692 15544 -123 -736 -182
0 -4444 -708 15552 -105 -743 -154
0 -4520 -644 15520 -122 -746 -197
0 -4516 -632 15544 -107 -739 -143
0 -4500 -652 15488 -125 -758 -183
0 -4452 -628 15488 -107 -730 -183
0 -4472 -648 15520 -92 -726 -206
0 -4516 -684 15584 -136 -721 -169
0 -4456 -692 15536 -110 -725 -136
0 -4476 -672 15580 -116 -736 -155
0 -4500 -664 15632 -104 -753 -178
0 -4484 -676 15548 -126 -755 -155
0 -4480 -636 15560 -105 -720 -160
0 -4452 -688 15560 -134 -729 -136
0 -4516 -692 15516 -129 -745 -161
0 -4536 -740 15560 -113 -758 -183
0 -4496 -664 15576 -109 -756 -190
0 -4504 -644 15532 -128 -737 -122
0 -4552 -612 15528 -104 -759 -170
0 -4516 -604 15580 -120 -722 -170
0 -4484 -688 15484 -129 -735 -179
0 -4504 -672 15580 -144 -769 -146
0 -4476 -720 15516 -126 -725 -160
0 -4472 -616 15560 -132 -757 -155
0 -4488 -632 15552 -107 -758 -183
0 -4512 -704 15504 -96 -755 -144
0 -4448 -652 15512 -122 -783 -168

0 -4476 -592 15616 -120 -787 -219
0 -4388 -708 15544 -20 -638 -153
0 -4524 -772 15540 -45 -797 -148
0 -4456 -612 15504 -191 -713 -164
0 -4508 -720 15552 -55 -723 -181
0 -4492 -620 15528 -224 -767 -188
0 -4456 -684 15616 -49 -718 -189
0 -4444 -636 15616 -187 -805 -187
0 -4468 -720 15516 -31 -758 -132
0 -4508 -676 15472 -191 -778 -147
0 -4500 -676 15572 -51 -743 -135
0 -4452 -628 15504 -192 -762 -180
0 -4508 -632 15496 -47 -743 -155
0 -4476 -732 15448 -175 -753 -144
0 -4428 -636 15520 -64 -752 -136
0 -4504 -716 15528 -143 -744 -154
0 -4456 -648 15568 -125 -742 -179
0 -4500 -716 15504 -100 -726 -167
0 -4396 -716 15616 -150 -744 -160
0 -4508 -648 15492 -131 -755 -174
0 -4508 -552 15644 -127 -744 -170
0 -4428 -704 15560 -114 -720 -173
0 -4472 -624 15596 -142 -755 -181
0 -4468 -620 15436 -122 -730 -168
0 -4468 -676 15644 -113 -772 -164
0 -4416 -700 15564 -96 -754 -154
0 -4520 -680 15532 -145 -712 -139
0 -4508 -644 15588 -120 -732 -135
0 -4464 -740 15540 -117 -747 -156
0 -4508 -640 15456 -127 -772 -151
0 -4472 -612 15632 -131 -738 -162
0 -4464 -692 15524 -105 -755 -202
0 -4456 -700 15516 -113 -749 -168
0 -4440 -620 15556 -141 -735 -179
0 -4472 -636 15624 -58 -751 -166
0 -4500 -676 15608 -122 -742 -159
0 -4540 -744 15552 -101 -766 -164
0 -4468 -648 15396 -118 -751 -153
0 -4508 -608 15424 -100 -767 -187
0 -4436 -700 15560 -118 -716 -145
0 -4488 -656 15472 -95 -721 -118
0 -4596 -604 15604 -73 -746 -196
0 -4480 -684 15528 -114 -777 -176
0 -4412 -660 15468 -105 -780 -159
0 -4528 -660 15520 -141 -748 -156
0 -4508 -612 15520 -96 -711 -195
0 -4504 -736 15636 -129 -752 -179
0 -4484 -636 15588 -115 -752 -191
0 -4488 -656 15580 -131 -746 -184
0 -4480 -676 15600 -132 -762 -174
0 -4444 -704 15588 -91 -752 -199
0 -4492 -708 15552 -129 -722 -173
0 -4472 -724 15576 -122 -733 -175
0 -4456 -652 15460 -134 -755 -181
0 -4476 -616 15572 -115 -733 -189
0 -4408 -668 15672 -89 -715 -168
0 -4480 -604 15584 -109 -751 -164
0 -4416 -660 15692 -93 -747 -178
0 -4468 -668 15576 -128 -740 -198
0 -4476 -612 15572 -99 -720 -178
0 -4424 -688 15544 -119 -775 -175
0 -4468 -652 15580 -111 -736 -206
0 -4508 -644 15600 -123 -760 -211
0 -4448 -736 15612 -126 -732 -140
0 -4412 -668 15480 -121 -731 -157
0 -4476 -636 15608 -126 -689 -195
0 -4468 -640 15628 -86 -737 -188
0 -4468 -616 15520 -95 -735 -184
0 -4384 -696 15552 -90 -720 -168
0 -4504 -588 15548 -94 -770 -176
0 -4488 -648 15588 -98 -773 -151
0 -4508 -672 15484 -101 -744 -213
0 -4460 -664 15504 -127 -761 -117
0 -4540 -624 15552 -123 -753 -167
0 -4516 -704 15580 -152 -773 -197

0 -4664 -644 15460 -138 -754 -139
0 -4476 -736 15748 49 -511 -135
0 -4596 -712 15648 -7 -822 -163
0 -4476 -652 15592 -169 -784 -135
0 -4568 -668 15636 -43 -720 -140
0 -4468 -576 15424 -230 -820 -206
0 -4488 -664 15588 -8 -702 -145
0 -4544 -628 15536 -159 -785 -177
0 -4524 -680 15580 -98 -744 -171
0 -4480 -716 15480 -119 -711 -183
0 -4464 -636 15600 -113 -742 -167
0 -4472 -688 15568 -136 -762 -196
0 -4424 -604 15600 -95 -752 -186
0 -4536 -680 15496 -137 -737 -183
0 -4532 -700 15572 -154 -741 -147
0 -4500 -712 15652 -117 -749 -171
0 -4484 -620 15512 -120 -730 -169
0 -4460 -672 15508 -110 -784 -124
0 -4460 -652 15444 -142 -757 -163
0 -4464 -688 15576 -87 -726 -126
0 -4460 -652 15640 -150 -786 -169
0 -4448 -680 15616 -92 -739 -189
0 -4496 -648 15592 -115 -741 -170
0 -4436 -664 15476 -82 -734 -149
0 -4552 -656 15512 -132 -764 -198
0 -4436 -652 15560 -106 -730 -156
0 -4448 -680 15600 -121 -738 -175
0 -4476 -668 15584 -128 -775 -150
0 -4480 -576 15588 -150 -768 -169
0 -4456 -600 15604 -66 -738 -181
0 -4492 -604 15536 -106 -742 -185
0 -4512 -644 15556 -143 -739 -149
0 -4432 -704 15592 -113 -743 -168
0 -4488 -620 15712 -144 -758 -168
0 -4468 -668 15564 -111 -738 -162
0 -4504 -680 15476 -100 -727 -152
0 -4460 -624 15692 -106 -754 -178
0 -4448 -708 15468 -130 -748 -187
0 -4480 -636 15552 -122 -756 -161
0 -4436 -628 15544 -110 -714 -180
0 -4480 -684 15548 -154 -742 -160
0 -4408 -704 15492 -132 -744 -154
0 -4500 -656 15524 -133 -737 -164
0 -4436 -676 15468 -137 -773 -187
0 -4456 -652 15524 -128 -758 -188
0 -4480 -684 15544 -95 -733 -190
0 -4480 -668 15528 -128 -735 -156
0 -4436 -624 15584 -100 -764 -160
0 -4432 -640 15572 -124 -743 -143
0 -4516 -712 15600 -107 -747 -158
0 -4460 -628 15468 -120 -755 -189
0 -4464 -660 15604 -121 -759 -142
0 -4468 -628 15508 -98 -763 -138
0 -4472 -660 15696 -112 -720 -162
0 -4492 -588 15448 -130 -735 -183
0 -4556 -576 15568 -124 -749 -153
0 -4448 -676 15616 -107 -715 -183
0 -4492 -628 15576 -141 -728 -182
0 -4464 -688 15544 -138 -706 -174
0 -4488 -612 15596 -138 -730 -164
0 -4440 -620 15560 -112 -773 -140
0 -4436 -704 15628 -100 -726 -130
0 -4488 -624 15520 -120 -754 -163
0 -4516 -684 15568 -86 -736 -190
0 -4408 -632 15528 -102 -742 -149
0 -4480 -648 15620 -100 -729 -179
0 -4424 -676 15564 -113 -738 -157
0 -4500 -636 15496 -87 -748 -182
0 -4492 -696 15564 -117 -716 -164
0 -4500 -672 15576 -124 -766 -143
0 -4448 -708 15628 -123 -766 -186
0 -4448 -660 15512 -117 -736 -157
0 -4448 -716 15524 -126 -750 -157
0 -4428 -652 15592 -133 -727 -168
0 -4520 -684 15580 -103 -707 -163

0 -4408 -680 15596 -101 -708 -136
0 -4372 -672 15504 -69 -681 -163
0 -4416 -700 15628 -44 -828 -121
0 -4480 -624 15512 -170 -758 -151
0 -4496 -664 15644 -41 -675 -178
0 -4504 -648 15544 -228 -754 -219
0 -4524 -656 15768 -74 -717 -131
0 -4512 -632 15612 -188 -794 -204
0 -4460 -636 15468 -41 -740 -156
0 -4520 -832 15496 -209 -764 -191
0 -4468 -680 15460 -73 -659 -155
0 -4516 -672 15544 -180 -768 -150
0 -4448 -556 15416 59 -697 -257
0 -4532 -684 15352 -139 -827 -233
0 -4472 -648 15604 -125 -807 -163
0 -4460 -616 15464 -140 -714 -205
0 -4456 -608 15488 -31 -739 -159
0 -4408 -688 15572 -176 -737 -178
0 -4468 -612 15528 -90 -715 -140
0 -4520 -632 15556 -132 -732 -159
0 -4376 -656 15644 -78 -736 -157
0 -4416 -656 15568 -109 -755 -171
0 -4416 -672 15520 -122 -743 -191
0 -4452 -684 15556 -144 -727 -166
0 -4488 -572 15496 -134 -735 -135
0 -4480 -624 15548 -114 -734 -149
0 -4488 -604 15468 -99 -704 -153
0 -4408 -692 15592 -126 -755 -130
0 -4524 -648 15560 -124 -749 -171
0 -4432 -648 15624 -120 -761 -162
0 -4512 -672 15640 -112 -742 -171
0 -4508 -660 15652 -124 -724 -169
0 -4436 -664 15464 -121 -761 -165
0 -4480 -676 15480 -122 -738 -164
0 -4456 -688 15496 -117 -767 -184
0 -4492 -636 15592 -96 -754 -162
0 -4544 -648 15464 -108 -748 -178
0 -4480 -704 15540 -113 -767 -153
0 -4460 -668 15488 -101 -741 -171
0 -4468 -684 15552 -137 -746 -172
0 -4460 -620 15632 -117 -756 -195
0 -4468 -632 15508 -101 -727 -165
0 -4408 -680 15560 -79 -751 -181
0 -4476 -652 15500 -134 -723 -187
0 -4508 -632 15584 -122 -787 -177
0 -4492 -632 15596 -110 -750 -179
0 -4436 -648 15564 -115 -753 -191
0 -4548 -724 15556 -126 -744 -187
0 -4436 -716 15500 -96 -741 -192
0 -4500 -656 15512 -123 -772 -160
0 -4496 -668 15524 -141 -781 -184
0 -4536 -704 15516 -127 -725 -177
0 -4528 -700 15496 -106 -747 -182
0 -4444 -620 15560 -136 -728 -192
0 -4448 -664 15588 -114 -773 -173
0 -4444 -668 15584 -116 -735 -155
0 -4424 -676 15600 -126 -735 -157
0 -4456 -656 15604 -84 -741 -195
0 -4456 -608 15644 -135 -757 -144
0 -4444 -600 15496 -109 -712 -194
0 -4456 -664 15628 -84 -795 -189
0 -4444 -612 15664 -84 -713 -170
0 -4476 -704 15548 -103 -755 -131
0 -4488 -564 15472 -112 -744 -147
0 -4476 -704 15588 -103 -758 -151
0 -4484 -676 15544 -111 -750 -138
0 -4416 -672 15512 -112 -727 -221
0 -4484 -644 15556 -94 -770 -219
0 -4440 -680 15536 -123 -769 -150
0 -4516 -704 15544 -110 -724 -139
0 -4484 -656 15508 -125 -746 -152
0 -4492 -692 15596 -83 -772 -165
0 -4496 -672 15600 -127 -710 -200
0 -4476 -696 15484 -116 -734 -194
0 -4424 -648 15508 -107 -743 -170

0 -4436 -640 15424 -177 -761 -144
0 -4444 -740 15572 -368 -759 -162
0 -4380 -656 15548 -82 -538 -142
0 -4460 -696 15492 -154 -891 -169
0 -4524 -608 15488 -43 -683 -127
0 -4464 -728 15528 -109 -735 -177
0 -4428 -620 15596 -142 -724 -205
0 -4472 -668 15492 -38 -857 -129
0 -4428 -732 15496 -114 -780 -164
0 -4452 -672 15456 -97 -715 -177
0 -4424 -644 15540 -106 -699 -186
0 -4536 -636 15676 -102 -761 -142
0 -4388 -696 15624 -80 -727 -163
0 -4464 -640 15504 -141 -780 -178
0 -4488 -676 15544 -137 -754 -151
0 -4412 -712 15536 -125 -761 -195
0 -4492 -612 15564 -126 -723 -188
0 -4448 -680 15576 -105 -702 -175
0 -4456 -684 15568 -173 -728 -183
0 -4484 -636 15516 -114 -779 -155
0 -4468 -724 15556 -105 -766 -196
0 -4504 -680 15532 -104 -748 -161
0 -4488 -616 15488 -110 -725 -178
0 -4556 -672 15536 -108 -756 -190
0 -4468 -720 15580 -128 -712 -156
0 -4488 -680 15588 -144 -728 -180
0 -4460 -680 15648 -140 -775 -180
0 -4564 -696 15476 -114 -713 -170
0 -4476 -696 15588 -149 -718 -172
0 -4516 -640 15612 -128 -755 -154
0 -4456 -704 15476 -117 -789 -163
0 -4496 -632 15584 -113 -755 -188
0 -4496 -728 15488 -138 -762 -150
0 -4448 -680 15512 -125 -761 -199
0 -4496 -704 15564 -77 -754 -156
0 -4456 -648 15568 -115 -741 -130
0 -4424 -672 15516 -95 -799 -179
0 -4464 -696 15472 -159 -762 -178
0 -4444 -644 15616 -98 -743 -185
0 -4492 -716 15608 -130 -750 -128
0 -4436 -652 15520 -140 -738 -204
0 -4516 -672 15556 -124 -726 -135
0 -4452 -676 15640 -148 -750 -173
0 -4420 -664 15572 -149 -733 -161
0 -4452 -668 15568 -125 -765 -180
0 -4464 -692 15532 -120 -735 -173
0 -4476 -640 15544 -139 -746 -175
0 -4436 -684 15532 -113 -742 -166
0 -4496 -692 15508 -91 -739 -183
0 -4520 -656 15528 -105 -727 -178
0 -4492 -644 15536 -130 -743 -162
0 -4460 -672 15560 -141 -765 -160
0 -4500 -668 15528 -93 -729 -164
0 -4556 -608 15652 -116 -749 -126
0 -4532 -652 15608 -121 -730 -144
0 -4428 -648 15560 -119 -738 -181
0 -4424 -656 15544 -107 -724 -128
0 -4488 -768 15552 -133 -748 -153
0 -4472 -668 15512 -168 -782 -181
0 -4496 -692 15568 -150 -728 -196
0 -4504 -708 15520 -114 -788 -177
0 -4504 -724 15572 -110 -783 -140
0 -4436 -740 15496 -122 -758 -207
0 -4520 -712 15532 -115 -749 -131
0 -4456 -724 15568 -100 -737 -167
0 -4424 -684 15576 -91 -749 -149
0 -4516 -692 15528 -134 -732 -140
0 -4452 -672 15472 -99 -747 -172
0 -4476 -620 15560 -104 -739 -163
0 -4516 -696 15548 -106 -726 -174
0 -4440 -636 15528 -112 -732 -175
0 -4504 -708 15448 -138 -758 -152
0 -4444 -676 15584 -128 -759 -155
0 -4468 -704 15588 -107 -726 -192
0 -4448 -776 15552 -103 -737 -216

0 -4732 -724 15680 -41 -851 -150
0 -4360 -696 15392 13 -275 -110
0 -4592 -712 15624 -29 -947 -142
0 -4512 -620 15596 -240 -685 -214
0 -4552 -656 15576 11 -783 -151
0 -4468 -668 15596 -335 -816 -219
0 -4508 -696 15508 1 -723 -142
0 -4480 -728 15512 -298 -748 -160
0 -4492 -648 15616 -13 -654 -140
0 -4412 -660 15544 -147 -735 -180
0 -4432 -660 15624 -41 -767 -142
0 -4456 -692 15544 -120 -732 -166
0 -4452 -712 15568 -94 -726 -139
0 -4472 -696 15508 -131 -770 -149
0 -4508 -676 15608 -119 -763 -139
0 -4500 -696 15488 -70 -715 -141
0 -4448 -672 15532 -132 -731 -170
0 -4468 -672 15556 -79 -716 -165
0 -4452 -616 15576 -118 -740 -132
0 -4536 -688 15512 -99 -782 -176
0 -4492 -672 15476 -110 -735 -144
0 -4444 -732 15532 -109 -727 -176
0 -4516 -644 15552 -117 -767 -163
0 -4468 -684 15528 -114 -732 -175
0 -4440 -656 15568 -145 -761 -171
0 -4496 -636 15472 -118 -762 -161
0 -4420 -656 15644 -123 -739 -170
0 -4448 -664 15580 -121 -749 -182
0 -4488 -696 15604 -117 -743 -167
0 -4492 -688 15500 -110 -740 -141
0 -4396 -672 15540 -82 -748 -157
0 -4476 -672 15560 -64 -726 -173
0 -4440 -740 15636 -131 -741 -134
0 -4464 -656 15476 -134 -739 -160
0 -4424 -688 15548 -113 -736 -181
0 -4532 -640 15600 -97 -764 -155
0 -4524 -672 15552 -116 -765 -199
0 -4460 -724 15628 -126 -755 -170
0 -4540 -660 15564 -95 -742 -130
0 -4500 -696 15512 -93 -715 -178
0 -4448 -684 15572 -130 -740 -173
0 -4512 -648 15564 -153 -728 -160
0 -4424 -656 15456 -99 -734 -182
0 -4452 -728 15536 -146 -731 -218
0 -4472 -640 15624 -129 -743 -131
0 -4456 -708 15620 -130 -720 -143
0 -4524 -592 15564 -105 -734 -160
0 -4452 -672 15436 -129 -748 -145
0 -4432 -672 15532 -108 -753 -164
0 -4460 -700 15532 -131 -748 -199
0 -4480 -692 15472 -133 -765 -189
0 -4480 -736 15536 -80 -776 -168
0 -4480 -720 15544 -139 -753 -136
0 -4468 -652 15652 -102 -736 -189
0 -4480 -672 15536 -141 -722 -172
0 -4476 -608 15612 -107 -735 -177
0 -4508 -644 15572 -99 -744 -143
0 -4500 -680 15552 -111 -743 -112
0 -4464 -632 15536 -129 -761 -169
0 -4476 -676 15584 -106 -734 -194
0 -4476 -660 15580 -100 -709 -184
0 -4472 -664 15740 -119 -735 -200
0 -4440 -652 15540 -97 -779 -165
0 -4412 -704 15620 -119 -749 -151
0 -4528 -700 15612 -125 -787 -185
0 -4424 -636 15524 -107 -723 -170
0 -4468 -616 15620 -92 -726 -153
0 -4448 -624 15588 -119 -749 -145
0 -4516 -616 15552 -134 -760 -163
0 -4468 -672 15548 -100 -720 -164
0 -4484 -744 15520 -112 -721 -157
0 -4452 -620 15544 -129 -779 -147
0 -4444 -680 15616 -133 -769 -176
0 -4492 -652 15540 -119 -727 -170
0 -4432 -708 15468 -109 -721 -169

0 -4728 -800 16120 -149 -804 -89
0 -4596 -640 15380 26 -456 -139
0 -4600 -620 15572 -55 -1045 -207
0 -4376 -604 15592 -225 -636 -208
0 -4460 -636 15536 -62 -746 -134
0 -4488 -648 15636 -265 -790 -162
0 -4436 -724 15500 11 -800 -130
0 -4512 -740 15492 -220 -724 -191
0 -4484 -600 15544 -36 -652 -195
0 -4452 -708 15604 -138 -798 -190
0 -4440 -648 15524 -73 -723 -140
0 -4500 -680 15536 -98 -753 -125
0 -4428 -616 15556 -124 -726 -187
0 -4432 -672 15472 -89 -731 -165
0 -4428 -724 15592 -125 -756 -186
0 -4440 -736 15568 -96 -768 -161
0 -4384 -692 15488 -124 -736 -213
0 -4468 -684 15584 -107 -765 -154
0 -4476 -676 15532 -142 -768 -172
0 -4440 -696 15572 -91 -710 -176
0 -4476 -628 15408 -150 -730 -164
0 -4424 -648 15472 -80 -754 -146
0 -4504 -652 15568 -129 -744 -171
0 -4476 -732 15548 -102 -764 -129
0 -4440 -676 15580 -110 -748 -168
0 -4432 -732 15652 -116 -735 -175
0 -4400 -688 15672 -122 -763 -144
0 -4484 -592 15592 -99 -713 -167
0 -4464 -656 15548 -85 -717 -155
0 -4436 -628 15608 -106 -732 -159
0 -4468 -680 15500 -90 -767 -144
0 -4540 -716 15708 -86 -728 -163
0 -4404 -664 15568 -104 -745 -206
0 -4548 -620 15504 -78 -749 -154
0 -4464 -728 15572 -108 -739 -191
0 -4360 -620 15500 -115 -768 -163
0 -4492 -652 15540 -108 -708 -158
0 -4448 -644 15532 -110 -730 -140
0 -4464 -668 15432 -96 -733 -212
0 -4448 -612 15516 -120 -755 -151
0 -4452 -692 15532 -117 -757 -150
0 -4456 -668 15524 -123 -750 -175
0 -4488 -684 15592 -134 -753 -150
0 -4412 -672 15552 -136 -743 -178
0 -4448 -596 15632 -134 -764 -179
0 -4500 -656 15660 -92 -776 -173
0 -4492 -648 15580 -84 -767 -132
0 -4428 -664 15524 -126 -748 -174
0 -4496 -616 15576 -125 -776 -193
0 -4448 -700 15548 -108 -726 -168
0 -4488 -696 15556 -80 -694 -147
0 -4420 -656 15484 -128 -733 -171
0 -4452 -660 15568 -136 -737 -202
0 -4480 -692 15560 -137 -736 -185
0 -4440 -740 15572 -95 -728 -168
0 -4448 -700 15492 -137 -703 -142
0 -4440 -652 15648 -131 -705 -138
0 -4448 -712 15504 -105 -767 -155
0 -4496 -668 15544 -116 -782 -166
0 -4520 -632 15544 -102 -733 -200
0 -4464 -664 15540 -100 -756 -160
0 -4504 -688 15500 -98 -761 -153
0 -4432 -664 15576 -114 -737 -175
0 -4484 -648 15540 -128 -727 -191
0 -4524 -700 15612 -99 -740 -189
0 -4508 -676 15540 -131 -726 -165
0 -4456 -600 15540 -120 -733 -181
0 -4500 -644 15616 -107 -760 -131
0 -4476 -696 15560 -100 -775 -165
0 -4408 -644 15584 -128 -737 -215
0 -4468 -668 15588 -102 -724 -170
0 -4468 -644 15556 -84 -753 -181
0 -4440 -636 15512 -130 -748 -169
0 -4464 -644 15496 -120 -727 -188
0 -4440 -664 15560 -114 -763 -175

0 -4564 -572 15396 -86 -804 -182
0 -4180 -780 15420 95 -264 -110
0 -4592 -636 15616 -1 -919 -153
0 -4496 -596 15524 -143 -722 -149
0 -4548 -656 15632 -19 -747 -162
0 -4428 -664 15492 -252 -780 -146
0 -4424 -620 15604 -53 -703 -162
0 -4536 -648 15644 -264 -822 -166
0 -4504 -664 15484 -49 -730 -155
0 -4528 -648 15540 -193 -736 -229
0 -4396 -716 15584 -87 -738 -173
0 -4484 -608 15524 -175 -659 -150
0 -4524 -692 15636 12 -821 -101
0 -4432 -716 15512 -202 -732 -176
0 -4492 -676 15564 -91 -679 -148
0 -4484 -656 15596 -186 -733 -184
0 -4480 -684 15596 -65 -734 -173
0 -4472 -708 15644 -108 -760 -152
0 -4444 -576 15596 -125 -712 -174
0 -4504 -720 15664 -152 -745 -185
0 -4396 -604 15636 -141 -672 -155
0 -4476 -708 15640 -57 -783 -146
0 -4480 -656 15608 -172 -761 -172
0 -4504 -740 15628 -64 -755 -185
0 -4468 -660 15560 -162 -716 -150
0 -4484 -644 15560 -110 -726 -176
0 -4460 -680 15632 -138 -783 -171
0 -4448 -704 15568 -117 -741 -167
0 -4452 -676 15608 -153 -725 -155
0 -4488 -680 15604 -74 -778 -152
0 -4460 -620 15452 -130 -734 -176
0 -4456 -724 15496 -91 -757 -174
0 -4528 -648 15568 -138 -722 -168
0 -4476 -724 15596 -74 -733 -155
0 -4488 -668 15580 -96 -764 -175
0 -4476 -660 15564 -129 -746 -179
0 -4528 -616 15524 -129 -730 -182
0 -4472 -628 15560 -107 -723 -161
0 -4524 -664 15568 -105 -739 -188
0 -4452 -676 15500 -114 -717 -169
0 -4456 -740 15552 -116 -739 -175
0 -4388 -668 15412 -101 -728 -214
0 -4492 -668 15488 -133 -742 -148
0 -4444 -696 15500 -91 -766 -205
0 -4544 -632 15656 -118 -748 -182
0 -4516 -636 15540 -143 -755 -149
0 -4508 -612 15548 -106 -777 -169
0 -4464 -672 15572 -117 -712 -143
0 -4532 -632 15688 -128 -718 -178
0 -4420 -660 15500 -100 -763 -184
0 -4484 -640 15560 -104 -718 -137
0 -4488 -672 15528 -141 -741 -156
0 -4448 -688 15592 -122 -760 -150
0 -4456 -612 15560 -102 -749 -154
0 -4520 -616 15588 -90 -720 -165
0 -4432 -692 15436 -148 -741 -137
0 -4460 -688 15500 -124 -763 -159
0 -4480 -628 15444 -96 -766 -147
0 -4440 -640 15496 -129 -724 -163
0 -4488 -560 15532 -110 -754 -163
0 -4512 -620 15548 -120 -716 -210
0 -4440 -692 15524 -108 -743 -204
0 -4460 -628 15412 -138 -736 -189
0 -4556 -740 15460 -114 -714 -174
0 -4528 -668 15572 -97 -753 -162
0 -4460 -660 15500 -136 -719 -145
0 -4472 -704 15532 -115 -743 -167
0 -4484 -664 15504 -115 -753 -156
0 -4480 -652 15484 -124 -738 -172
0 -4440 -672 15556 -139 -745 -154
0 -4456 -708 15512 -83 -751 -164
0 -4520 -672 15484 -137 -768 -153
0 -4436 -636 15540 -140 -765 -153
0 -4512 -636 15544 -113 -745 -169
0 -4440 -648 15520 -99 -755 -150

0 -4484 -596 15392 -160 -790 -169
0 -4388 -788 15712 132 -444 -117
0 -4540 -628 15452 -88 -828 -139
0 -4480 -672 15500 -90 -817 -158
0 -4496 -720 15624 -60 -681 -191
0 -4472 -620 15492 -219 -785 -170
0 -4412 -660 15592 -32 -684 -182
0 -4484 -648 15464 -229 -756 -164
0 -4464 -696 15704 -121 -733 -185
0 -4376 -652 15572 -146 -708 -150
0 -4488 -744 15568 -80 -806 -144
0 -4492 -660 15484 -126 -734 -156
0 -4480 -632 15632 -57 -729 -148
0 -4440 -656 15604 -146 -714 -202
0 -4504 -652 15552 -49 -729 -122
0 -4480 -696 15604 -176 -755 -194
0 -4416 -668 15700 -80 -731 -144
0 -4452 -628 15632 -162 -749 -155
0 -4468 -656 15568 -125 -768 -176
0 -4464 -708 15536 -117 -748 -146
0 -4508 -628 15484 -119 -720 -164
0 -4436 -676 15584 -145 -755 -163
0 -4412 -672 15572 -125 -714 -174
0 -4452 -652 15584 -106 -740 -134
0 -4408 -616 15572 -133 -762 -172
0 -4468 -624 15636 -153 -745 -163
0 -4444 -668 15496 -123 -748 -170
0 -4520 -668 15596 -88 -712 -164
0 -4552 -668 15556 -123 -765 -164
0 -4504 -636 15632 -99 -718 -167
0 -4488 -664 15464 -115 -760 -173
0 -4476 -652 15448 -113 -735 -163
0 -4444 -672 15532 -113 -744 -158
0 -4412 -684 15640 -96 -736 -176
0 -4452 -688 15624 -115 -760 -178
0 -4492 -648 15604 -122 -723 -175
0 -4464 -652 15540 -128 -714 -178
0 -4456 -648 15544 -89 -763 -160
0 -4516 -608 15492 -133 -753 -143
0 -4516 -612 15584 -115 -759 -176
0 -4456 -640 15512 -102 -727 -160
0 -4468 -624 15544 -130 -747 -130
0 -4512 -664 15476 -80 -727 -151
0 -4480 -648 15636 -117 -752 -172
0 -4488 -688 15640 -133 -707 -172
0 -4500 -628 15480 -104 -727 -162
0 -4496 -680 15600 -89 -746 -169
0 -4464 -648 15416 -128 -741 -143
0 -4512 -624 15632 -123 -725 -147
0 -4436 -668 15608 -142 -722 -180
0 -4452 -688 15552 -94 -743 -174
0 -4448 -596 15584 -112 -712 -129
0 -4464 -636 15512 -113 -740 -148
0 -4440 -648 15484 -142 -758 -147
0 -4480 -684 15560 -113 -750 -152
0 -4492 -640 15540 -123 -736 -139
0 -4472 -620 15440 -122 -718 -139
0 -4468 -692 15576 -122 -742 -150
0 -4472 -648 15436 -135 -761 -158
0 -4444 -652 15516 -90 -714 -175
0 -4488 -680 15516 -121 -743 -158
0 -4520 -668 15544 -86 -782 -141
0 -4464 -676 15552 -104 -773 -184
0 -4424 -676 15584 -138 -758 -151
0 -4464 -660 15484 -119 -748 -186
0 -4516 -656 15576 -116 -748 -161
0 -4368 -636 15552 -106 -737 -171
0 -4528 -652 15608 -128 -750 -159
0 -4476 -676 15636 -134 -757 -163
0 -4448 -648 15616 -127 -778 -156
0 -4460 -736 15520 -111 -720 -194
0 -4376 -624 15580 -119 -735 -149
0 -4468 -652 15576 -129 -733 -177
0 -4440 -736 15532 -127 -708 -155
0 -4492 -656 15604 -138 -766 -178

0 -4468 -604 15148 -62 -844 -218
0 -4128 -788 15684 49 -62 -139
0 -4564 -680 15600 52 -908 -137
0 -4400 -676 15668 -86 -822 -151
0 -4572 -716 15500 11 -717 -127
0 -4504 -644 15628 -192 -894 -204
0 -4472 -660 15584 -28 -697 -145
0 -4496 -708 15468 -246 -792 -144
0 -4428 -692 15552 -83 -723 -140
0 -4448 -608 15596 -135 -765 -142
0 -4464 -644 15616 -42 -769 -151
0 -4508 -600 15540 -173 -691 -157
0 -4488 -640 15548 -125 -725 -165
0 -4448 -632 15516 -124 -740 -168
0 -4452 -648 15544 -105 -750 -170
0 -4424 -668 15532 -142 -750 -169
0 -4484 -680 15480 -115 -715 -147
0 -4504 -704 15540 -122 -810 -177
0 -4496 -652 15500 -115 -751 -168
0 -4532 -648 15512 -115 -728 -169
0 -4428 -676 15580 -114 -754 -151
0 -4456 -676 15544 -52 -740 -187
0 -4420 -692 15508 -138 -775 -161
0 -4488 -656 15632 -103 -730 -200
0 -4504 -656 15640 -113 -769 -178
0 -4444 -684 15524 -95 -713 -137
0 -4516 -720 15680 -113 -703 -146
0 -4460 -696 15632 -101 -771 -153
0 -4460 -564 15592 -106 -773 -166
0 -4436 -628 15612 -124 -782 -167
0 -4448 -712 15600 -143 -757 -139
0 -4464 -644 15492 -121 -762 -177
0 -4464 -684 15572 -131 -711 -176
0 -4456 -628 15584 -94 -726 -159
0 -4472 -636 15548 -91 -761 -144
0 -4456 -636 15476 -112 -757 -149
0 -4512 -620 15572 -91 -740 -180
0 -4456 -652 15620 -125 -716 -192
0 -4480 -648 15540 -117 -733 -168
0 -4444 -608 15496 -105 -751 -153
0 -4432 -708 15592 -102 -742 -146
0 -4468 -732 15560 -116 -728 -174
0 -4500 -640 15540 -112 -758 -168
0 -4412 -704 15576 -126 -728 -152
0 -4460 -648 15504 -112 -730 -140
0 -4452 -684 15592 -114 -743 -150
0 -4508 -644 15548 -116 -741 -159
0 -4452 -612 15492 -133 -747 -140
0 -4392 -672 15636 -123 -723 -157
0 -4484 -676 15576 -137 -747 -173
0 -4420 -656 15620 -139 -717 -173
0 -4460 -612 15572 -115 -768 -185
0 -4424 -604 15544 -110 -754 -160
0 -4488 -668 15604 -94 -736 -155
0 -4504 -712 15544 -116 -721 -171
0 -4512 -696 15568 -85 -739 -170
0 -4524 -672 15492 -121 -746 -168
0 -4440 -752 15572 -112 -736 -135
0 -4480 -692 15500 -139 -759 -177
0 -4492 -736 15504 -98 -759 -172
0 -4428 -660 15440 -119 -740 -162
0 -4396 -656 15680 -115 -742 -190
0 -4500 -672 15608 -145 -754 -163
0 -4472 -680 15504 -113 -729 -146
0 -4480 -692 15624 -107 -736 -189
0 -4520 -632 15600 -122 -762 -150
0 -4504 -676 15580 -129 -738 -163
0 -4436 -620 15564 -125 -734 -178
0 -4456 -624 15520 -163 -721 -144
0 -4476 -684 15548 -121 -733 -191
0 -4480 -640 15572 -84 -766 -154
0 -4448 -676 15468 -137 -731 -188
0 -4464 -668 15496 -103 -746 -146
0 -4468 -724 15576 -150 -742 -186
0 -4460 -680 15620 -118 -747 -174

0 -4640 -584 15736 -88 -916 -196
0 -4472 -784 15348 168 8 -56
0 -4592 -584 15688 6 -896 -116
0 -4472 -696 15732 -108 -740 -150
0 -4508 -576 15408 -137 -767 -169
0 -4604 -624 15708 -153 -726 -208
0 -4532 -700 15532 -166 -742 -150
0 -4480 -740 15640 -129 -762 -152
0 -4520 -748 15512 -162 -749 -155
0 -4440 -664 15456 -108 -756 -151
0 -4456 -724 15412 -129 -737 -159
0 -4456 -700 15576 -102 -727 -155
0 -4484 -608 15520 -113 -773 -168
0 -4460 -576 15660 -124 -733 -177
0 -4460 -580 15600 -100 -744 -181
0 -4452 -712 15616 -114 -747 -131
0 -4452 -612 15684 -114 -739 -159
0 -4472 -680 15552 -120 -745 -148
0 -4500 -588 15524 -148 -747 -146
0 -4496 -712 15568 -108 -754 -152
0 -4532 -668 15532 -101 -742 -202
0 -4496 -648 15536 -92 -700 -164
0 -4436 -696 15576 -143 -817 -171
0 -4428 -636 15564 -118 -682 -176
0 -4488 -724 15544 -118 -757 -149
0 -4444 -640 15564 -135 -752 -177
0 -4480 -680 15512 -51 -765 -180
0 -4504 -656 15512 -124 -738 -173
0 -4472 -692 15596 -66 -760 -145
0 -4512 -632 15500 -124 -711 -183
0 -4412 -668 15616 -75 -756 -165
0 -4488 -652 15520 -153 -699 -187
0 -4468 -696 15572 -50 -728 -141
0 -4420 -636 15612 -166 -769 -137
0 -4464 -636 15592 -122 -737 -143
0 -4464 -684 15520 -157 -729 -160
0 -4492 -708 15480 -124 -749 -145
0 -4480 -636 15476 -123 -762 -135
0 -4464 -632 15520 -104 -751 -157
0 -4436 -676 15488 -82 -736 -174
0 -4488 -652 15552 -115 -747 -143
0 -4512 -656 15608 -113 -712 -134
0 -4448 -704 15580 -121 -756 -151
0 -4456 -680 15440 -99 -748 -158
0 -4500 -664 15484 -118 -785 -158
0 -4444 -624 15684 -144 -728 -156
0 -4516 -564 15516 -130 -754 -111
0 -4412 -640 15556 -117 -758 -160
0 -4408 -628 15608 -78 -822 -129
0 -4500 -704 15500 -99 -803 -161
0 -4504 -720 15556 -108 -703 -163
0 -4476 -632 15480 -136 -711 -158
0 -4464 -664 15636 -140 -745 -162
0 -4420 -688 15484 -106 -704 -159
0 -4400 -680 15588 -111 -738 -170
0 -4424 -660 15624 -98 -717 -166
0 -4468 -596 15500 -145 -739 -125
0 -4492 -644 15544 -110 -737 -174
0 -4504 -612 15508 -147 -763 -151
0 -4428 -648 15552 -116 -743 -144
0 -4508 -608 15640 -118 -732 -159
0 -4456 -692 15564 -108 -736 -183
0 -4460 -644 15592 -116 -756 -197
0 -4456 -600 15616 -134 -757 -159
0 -4476 -536 15516 -101 -718 -139
0 -4424 -596 15516 -103 -725 -155
0 -4488 -648 15528 -133 -751 -145
0 -4492 -616 15592 -119 -705 -145
0 -4488 -696 15644 -124 -774 -172
0 -4536 -688 15536 -124 -722 -155
0 -4484 -636 15624 -123 -711 -169
0 -4500 -596 15628 -124 -716 -155
0 -4456 -684 15580 -148 -742 -188
0 -4464 -592 15516 -108 -747 -186
0 -4524 -664 15496 -109 -781 -173

0 -4852 -736 16028 -115 -967 -114
0 -4520 -728 15152 171 -55 -85
0 -4620 -576 15676 -65 -1093 -161
0 -4384 -652 15736 -171 -566 -180
0 -4556 -560 15560 -68 -885 -162
0 -4520 -812 15528 -305 -813 -179
0 -4508 -624 15616 -52 -692 -124
0 -4480 -680 15468 -193 -725 -184
0 -4512 -684 15492 -114 -768 -177
0 -4416 -692 15468 -115 -744 -158
0 -4460 -632 15548 -68 -720 -165
0 -4544 -708 15520 -102 -748 -126
0 -4520 -652 15608 -105 -763 -158
0 -4500 -672 15552 -106 -751 -181
0 -4432 -680 15572 -117 -728 -147
0 -4460 -640 15460 -105 -771 -175
0 -4460 -648 15584 -118 -724 -153
0 -4472 -640 15636 -96 -753 -119
0 -4532 -640 15464 -157 -730 -169
0 -4460 -700 15516 -90 -737 -138
0 -4500 -680 15612 -160 -764 -173
0 -4464 -596 15684 -76 -704 -174
0 -4476 -676 15508 -162 -777 -179
0 -4488 -684 15616 -105 -735 -162
0 -4476 -668 15592 -112 -731 -173
0 -4516 -692 15560 -132 -735 -188
0 -4520 -640 15660 -123 -729 -162
0 -4420 -648 15580 -146 -744 -173
0 -4492 -712 15540 -81 -751 -150
0 -4428 -704 15528 -141 -731 -154
0 -4432 -688 15608 -120 -724 -170
0 -4480 -592 15616 -98 -748 -185
0 -4496 -668 15568 -98 -739 -170
0 -4456 -704 15632 -120 -743 -197
0 -4488 -664 15636 -93 -756 -159
0 -4508 -720 15640 -133 -755 -156
0 -4460 -648 15536 -94 -732 -139
0 -4468 -724 15568 -113 -772 -159
0 -4508 -676 15624 -102 -754 -203
0 -4452 -680 15492 -117 -756 -123
0 -4524 -660 15652 -88 -739 -177
0 -4444 -668 15504 -114 -746 -162
0 -4504 -676 15504 -113 -739 -184
0 -4492 -680 15484 -127 -723 -159
0 -4496 -712 15548 -82 -727 -165
0 -4452 -688 15468 -125 -754 -189
0 -4436 -672 15580 -103 -747 -181
0 -4516 -644 15576 -94 -753 -152
0 -4444 -696 15500 -101 -751 -150
0 -4508 -716 15536 -131 -723 -192
0 -4448 -628 15452 -142 -710 -185
0 -4492 -684 15536 -70 -753 -187
0 -4456 -676 15564 -134 -742 -200
0 -4512 -660 15476 -103 -765 -170
0 -4476 -680 15568 -130 -737 -169
0 -4500 -684 15564 -146 -720 -156
0 -4444 -604 15648 -138 -728 -158
0 -4412 -628 15572 -105 -729 -149
0 -4496 -616 15620 -85 -770 -189
0 -4508 -692 15564 -107 -766 -177
0 -4452 -652 15592 -114 -733 -166
0 -4468 -688 15560 -80 -743 -144
0 -4516 -660 15572 -124 -781 -180
0 -4448 -656 15512 -94 -776 -187
0 -4400 -656 15520 -113 -753 -161
0 -4492 -624 15596 -110 -739 -158
0 -4448 -664 15516 -127 -725 -171
0 -4480 -656 15520 -113 -752 -139
0 -4480 -684 15544 -123 -744 -168
0 -4404 -588 15524 -108 -763 -171
0 -4440 -576 15556 -150 -732 -167
0 -4468 -684 15528 -126 -751 -154
0 -4520 -604 15564 -110 -756 -150
0 -4476 -532 15552 -90 -755 -195
0 -4456 -636 15496 -69 -724 -188

0 -4564 -568 15380 -114 -812 -185
0 -4368 -792 15872 74 -269 -152
0 -4608 -624 15600 -53 -878 -126
0 -4380 -636 15480 -152 -738 -177
0 -4500 -580 15600 -3 -698 -125
0 -4540 -664 15564 -242 -834 -214
0 -4540 -740 15500 -45 -692 -152
0 -4424 -684 15468 -285 -737 -209
0 -4492 -588 15528 -64 -700 -171
0 -4480 -672 15520 -145 -807 -185
0 -4436 -676 15608 -46 -731 -146
0 -4456 -700 15412 -146 -768 -153
0 -4452 -684 15596 -111 -717 -180
0 -4436 -664 15480 -120 -740 -165
0 -4428 -664 15624 -90 -751 -185
0 -4432 -688 15616 -142 -733 -199
0 -4428 -676 15608 -109 -702 -183
0 -4540 -648 15576 -104 -728 -151
0 -4524 -620 15500 -68 -711 -145
0 -4480 -660 15644 -107 -712 -184
0 -4532 -688 15564 -135 -765 -170
0 -4504 -720 15520 -92 -755 -149
0 -4480 -676 15568 -121 -794 -160
0 -4492 -700 15512 -122 -782 -176
0 -4480 -640 15444 -143 -741 -166
0 -4488 -632 15520 -81 -739 -157
0 -4496 -652 15444 -130 -732 -174
0 -4472 -684 15516 -115 -752 -166
0 -4508 -724 15616 -91 -726 -182
0 -4460 -680 15556 -105 -743 -130
0 -4440 -672 15516 -129 -764 -147
0 -4420 -624 15556 -104 -764 -161
0 -4492 -660 15624 -122 -768 -185
0 -4448 -656 15640 -93 -726 -170
0 -4508 -608 15496 -101 -779 -208
0 -4412 -600 15604 -128 -706 -155
0 -4448 -668 15500 -123 -741 -193
0 -4420 -640 15560 -116 -723 -151
0 -4500 -660 15604 -133 -737 -130
0 -4504 -648 15624 -116 -722 -173
0 -4460 -636 15580 -136 -726 -166
0 -4476 -680 15464 -152 -760 -165
0 -4472 -604 15480 -156 -735 -158
0 -4524 -696 15544 -113 -729 -161
0 -4360 -620 15588 -124 -701 -161
0 -4512 -644 15536 -105 -731 -162
0 -4524 -700 15560 -109 -751 -146
0 -4460 -728 15532 -117 -742 -158
0 -4508 -684 15632 -94 -742 -192
0 -4472 -656 15476 -108 -714 -135
0 -4476 -732 15476 -106 -737 -195
0 -4496 -692 15560 -91 -765 -155
0 -4508 -676 15524 -137 -746 -160
0 -4500 -652 15496 -105 -775 -167
0 -4456 -624 15500 -106 -731 -161
0 -4468 -736 15508 -118 -711 -161
0 -4508 -680 15532 -124 -767 -168
0 -4444 -680 15548 -129 -736 -150
0 -4488 -700 15620 -126 -749 -116
0 -4480 -672 15612 -90 -768 -155
0 -4452 -720 15512 -114 -740 -152
0 -4476 -580 15520 -117 -768 -170
0 -4480 -700 15524 -111 -733 -131
0 -4440 -656 15604 -79 -735 -189
0 -4536 -600 15580 -108 -729 -203
0 -4420 -660 15604 -134 -768 -189
0 -4496 -712 15396 -110 -723 -147
0 -4492 -700 15620 -113 -720 -154
0 -4520 -624 15484 -99 -774 -173
0 -4488 -636 15536 -116 -699 -181
0 -4464 -716 15580 -136 -727 -153
0 -4456 -668 15504 -148 -726 -148
0 -4476 -664 15544 -134 -732 -176
0 -4420 -712 15528 -171 -735 -125
0 -4488 -708 15600 -113 -762 -178

0 -4504 -636 15144 -73 -797 -151
0 -4392 -844 15732 83 -292 -136
0 -4608 -704 15604 -28 -830 -129
0 -4472 -688 15488 -139 -709 -143
0 -4516 -680 15596 64 -768 -136
0 -4496 -628 15476 -261 -896 -202
0 -4560 -692 15720 17 -588 -157
0 -4464 -744 15584 -297 -784 -140
0 -4512 -660 15612 -23 -709 -105
0 -4504 -636 15512 -191 -779 -177
0 -4432 -652 15532 -56 -731 -138
0 -4524 -680 15652 -173 -758 -176
0 -4444 -648 15532 -41 -756 -197
0 -4488 -684 15512 -168 -760 -178
0 -4476 -608 15544 -80 -782 -129
0 -4468 -700 15592 -134 -742 -195
0 -4428 -672 15572 -68 -726 -204
0 -4500 -652 15512 -111 -770 -204
0 -4452 -612 15488 -93 -748 -130
0 -4516 -704 15544 -100 -739 -140
0 -4436 -608 15520 -118 -728 -137
0 -4400 -668 15560 -111 -726 -161
0 -4472 -604 15604 -115 -748 -170
0 -4488 -588 15552 -105 -767 -169
0 -4440 -696 15464 -107 -753 -171
0 -4424 -676 15540 -99 -747 -158
0 -4504 -664 15524 -119 -735 -185
0 -4500 -624 15500 -114 -762 -150
0 -4440 -632 15636 -103 -773 -182
0 -4452 -696 15572 -124 -740 -163
0 -4448 -684 15488 -113 -739 -160
0 -4504 -592 15608 -89 -770 -179
0 -4516 -680 15660 -120 -772 -173
0 -4504 -652 15548 -129 -760 -185
0 -4428 -656 15520 -139 -746 -157
0 -4492 -704 15512 -96 -752 -170
0 -4456 -612 15600 -100 -717 -152
0 -4416 -664 15544 -126 -745 -178
0 -4488 -688 15508 -131 -741 -168
0 -4452 -672 15644 -143 -731 -176
0 -4472 -744 15628 -110 -728 -114
0 -4500 -672 15512 -122 -720 -160
0 -4464 -664 15612 -126 -751 -154
0 -4436 -688 15484 -131 -743 -187
0 -4488 -636 15608 -125 -778 -164
0 -4456 -676 15552 -106 -773 -159
0 -4500 -656 15576 -72 -748 -152
0 -4464 -604 15556 -140 -773 -157
0 -4472 -632 15572 -134 -776 -128
0 -4412 -656 15512 -138 -724 -172
0 -4492 -620 15556 -94 -774 -152
0 -4436 -644 15544 -149 -739 -148
0 -4532 -628 15616 -104 -752 -166
0 -4428 -592 15492 -151 -752 -160
0 -4504 -660 15512 -126 -758 -161
0 -4436 -620 15616 -138 -736 -181
0 -4404 -700 15564 -105 -748 -170
0 -4484 -680 15436 -137 -763 -143
0 -4468 -676 15600 -98 -729 -189
0 -4440 -668 15556 -107 -765 -160
0 -4572 -696 15556 -109 -741 -158
0 -4416 -664 15556 -85 -761 -162
0 -4492 -656 15588 -103 -737 -145
0 -4508 -644 15512 -129 -748 -191
0 -4472 -668 15528 -112 -744 -155
0 -4496 -668 15508 -108 -764 -159
0 -4424 -732 15580 -120 -766 -143
0 -4460 -704 15508 -122 -730 -153
0 -4416 -664 15532 -91 -737 -146
0 -4436 -628 15548 -94 -738 -203
0 -4472 -720 15492 -115 -750 -173
0 -4432 -684 15564 -110 -771 -162
0 -4560 -696 15512 -117 -761 -165
0 -4432 -608 15568 -138 -713 -203
0 -4480 -668 15576 -67 -764 -163

0 -4464 -504 15348 -124 -763 -246
0 -4320 -808 15656 32 -381 -131
0 -4568 -724 15584 -56 -839 -130
0 -4452 -552 15620 -150 -731 -176
0 -4452 -608 15636 6 -752 -173
0 -4416 -640 15492 -226 -804 -213
0 -4472 -612 15652 -11 -733 -172
0 -4488 -632 15420 -187 -787 -184
0 -4516 -656 15560 -99 -721 -192
0 -4388 -700 15632 -182 -725 -196
0 -4460 -624 15508 -101 -760 -151
0 -4420 -668 15604 -128 -743 -154
0 -4484 -652 15624 -90 -741 -180
0 -4468 -712 15592 -164 -736 -162
0 -4468 -604 15636 -69 -740 -174
0 -4424 -684 15620 -113 -737 -184
0 -4464 -636 15560 -93 -734 -168
0 -4488 -688 15492 -147 -694 -138
0 -4464 -660 15500 -121 -778 -180
0 -4528 -620 15528 -154 -750 -156
0 -4464 -648 15604 -120 -774 -151
0 -4540 -656 15592 -115 -742 -146
0 -4540 -676 15600 -104 -738 -148
0 -4508 -648 15508 -83 -747 -155
0 -4440 -656 15524 -103 -742 -166
0 -4444 -644 15628 -109 -770 -196
0 -4456 -748 15524 -148 -756 -151
0 -4528 -660 15528 -146 -713 -160
0 -4480 -656 15652 -131 -728 -171
0 -4460 -712 15652 -125 -738 -140
0 -4500 -712 15604 -119 -731 -164
0 -4556 -712 15660 -98 -732 -174
0 -4448 -660 15572 -108 -747 -152
0 -4500 -648 15520 -115 -747 -183
0 -4456 -672 15500 -114 -733 -136
0 -4504 -660 15524 -131 -750 -177
0 -4488 -668 15536 -117 -738 -172
0 -4468 -620 15476 -107 -738 -155
0 -4528 -672 15692 -115 -746 -155
0 -4420 -712 15568 -119 -754 -131
0 -4480 -624 15564 -112 -769 -185
0 -4468 -684 15664 -86 -750 -157
0 -4516 -652 15664 -95 -747 -157
0 -4472 -704 15572 -118 -734 -166
0 -4512 -644 15484 -98 -739 -141
0 -4444 -624 15508 -118 -752 -169
0 -4528 -628 15576 -114 -763 -171
0 -4464 -648 15596 -153 -714 -148
0 -4464 -656 15524 -125 -745 -161
0 -4472 -704 15624 -90 -741 -154
0 -4472 -676 15604 -154 -753 -146
0 -4492 -620 15516 -88 -733 -156
0 -4540 -612 15540 -150 -748 -163
0 -4528 -676 15504 -97 -726 -159
0 -4480 -688 15652 -93 -743 -187
0 -4456 -656 15572 -144 -757 -180
0 -4404 -660 15496 -106 -741 -147
0 -4472 -676 15496 -117 -733 -179
0 -4480 -688 15472 -123 -725 -161
0 -4496 -612 15508 -109 -738 -161
0 -4444 -724 15620 -119 -755 -182
0 -4412 -664 15572 -90 -727 -155
0 -4452 -684 15492 -137 -741 -193
0 -4428 -656 15592 -106 -724 -141
0 -4468 -688 15580 -118 -765 -145
0 -4464 -696 15652 -129 -728 -172
0 -4544 -604 15508 -90 -731 -136
0 -4456 -668 15592 -108 -735 -152
0 -4412 -688 15472 -122 -738 -203
0 -4468 -696 15560 -64 -760 -154
0 -4492 -688 15632 -115 -751 -126
0 -4508 -652 15540 -101 -722 -156
0 -4432 -676 15608 -115 -729 -187
0 -4496 -632 15504 -114 -704 -146
0 -4472 -624 15556 -120 -750 -170

0 -4384 -656 15428 -62 -762 -128
0 -4328 -688 15704 30 -564 -141
0 -4536 -644 15652 -20 -716 -142
0 -4428 -632 15512 -154 -744 -176
0 -4476 -712 15580 -9 -731 -121
0 -4408 -556 15676 -191 -776 -175
0 -4472 -596 15592 27 -696 -158
0 -4512 -680 15512 -258 -806 -208
0 -4492 -696 15520 -54 -686 -145
0 -4508 -648 15588 -180 -805 -172
0 -4464 -624 15568 -69 -755 -195
0 -4528 -696 15632 -152 -737 -172
0 -4500 -696 15544 -78 -738 -133
0 -4452 -708 15428 -127 -757 -196
0 -4452 -672 15520 -50 -760 -170
0 -4512 -632 15544 -159 -773 -187
0 -4476 -704 15576 -117 -721 -172
0 -4424 -664 15600 -119 -711 -167
0 -4496 -668 15448 -115 -740 -192
0 -4480 -636 15544 -100 -726 -184
0 -4496 -680 15480 -127 -746 -161
0 -4436 -664 15512 -129 -737 -197
0 -4400 -648 15548 -117 -764 -143
0 -4504 -708 15572 -102 -724 -177
0 -4440 -604 15608 -124 -725 -168
0 -4432 -664 15568 -121 -709 -131
0 -4452 -632 15528 -116 -759 -163
0 -4436 -664 15552 -142 -783 -138
0 -4468 -700 15588 -127 -725 -158
0 -4432 -604 15524 -107 -748 -185
0 -4452 -636 15568 -123 -751 -152
0 -4456 -668 15536 -129 -735 -165
0 -4484 -748 15564 -120 -769 -186
0 -4484 -628 15624 -126 -720 -141
0 -4488 -688 15588 -150 -736 -186
0 -4440 -588 15524 -121 -752 -142
0 -4480 -604 15516 -132 -723 -192
0 -4444 -672 15612 -78 -746 -182
0 -4456 -700 15484 -116 -754 -148
0 -4500 -640 15512 -107 -743 -192
0 -4500 -708 15636 -122 -755 -170
0 -4456 -704 15444 -118 -750 -145
0 -4448 -612 15512 -161 -752 -160
0 -4484 -668 15496 -128 -745 -185
0 -4464 -652 15520 -94 -741 -149
0 -4464 -628 15448 -120 -736 -146
0 -4456 -632 15560 -134 -719 -151
0 -4480 -640 15556 -97 -748 -175
0 -4448 -608 15500 -127 -751 -193
0 -4476 -684 15540 -126 -756 -167
0 -4444 -616 15504 -131 -763 -130
0 -4440 -632 15600 -119 -759 -177
0 -4444 -680 15608 -103 -759 -152
0 -4488 -640 15652 -83 -743 -174
0 -4504 -664 15512 -118 -745 -170
0 -4476 -672 15488 -108 -748 -157
0 -4492 -676 15532 -107 -736 -172
0 -4484 -680 15584 -130 -746 -162
0 -4464 -724 15564 -133 -761 -178
0 -4452 -648 15560 -135 -741 -174
0 -4440 -652 15496 -110 -744 -197
0 -4468 -640 15576 -124 -778 -159
0 -4440 -684 15464 -121 -732 -142
0 -4440 -740 15500 -119 -744 -138
0 -4500 -696 15576 -115 -744 -151
0 -4416 -668 15540 -116 -739 -200
0 -4432 -680 15564 -130 -729 -144
0 -4500 -644 15556 -122 -768 -179
0 -4460 -640 15668 -117 -716 -154
0 -4480 -688 15540 -118 -762 -151
0 -4452 -632 15536 -114 -772 -179
0 -4480 -688 15520 -117 -761 -181
0 -4520 -684 15512 -117 -781 -146
0 -4400 -696 15560 -119 -743 -173
0 -4520 -652 15552 -117 -777 -151

0 -4704 -884 16176 -103 -820 -119
0 -4496 -624 15432 9 -444 -135
0 -4568 -616 15564 -55 -931 -160
0 -4424 -532 15576 -178 -643 -178
0 -4504 -660 15556 -45 -769 -155
0 -4460 -656 15648 -259 -771 -191
0 -4432 -744 15424 -23 -808 -140
0 -4488 -760 15532 -210 -761 -190
0 -4444 -728 15560 -35 -701 -192
0 -4504 -696 15532 -147 -738 -141
0 -4484 -652 15460 -64 -782 -141
0 -4456 -652 15520 -108 -768 -175
0 -4464 -628 15484 -123 -763 -174
0 -4428 -660 15640 -140 -703 -131
0 -4524 -664 15504 -80 -749 -185
0 -4440 -660 15596 -101 -783 -181
0 -4464 -688 15516 -90 -720 -183
0 -4548 -684 15600 -102 -737 -150
0 -4520 -640 15624 -98 -752 -163
0 -4536 -656 15520 -108 -724 -149
0 -4504 -684 15524 -102 -755 -165
0 -4480 -668 15616 -115 -692 -164
0 -4484 -616 15564 -138 -758 -184
0 -4476 -700 15480 -99 -754 -167
0 -4492 -720 15580 -129 -772 -167
0 -4508 -652 15560 -107 -730 -178
0 -4448 -584 15504 -77 -712 -170
0 -4484 -696 15596 -101 -717 -192
0 -4524 -648 15536 -116 -737 -177
0 -4468 -640 15528 -125 -773 -151
0 -4472 -656 15600 -85 -753 -154
0 -4492 -620 15556 -111 -704 -181
0 -4460 -632 15552 -103 -765 -151
0 -4420 -708 15560 -137 -794 -186
0 -4424 -704 15576 -62 -722 -174
0 -4524 -664 15468 -83 -779 -161
0 -4504 -632 15680 -169 -760 -213
0 -4448 -708 15508 -91 -743 -167
0 -4492 -688 15560 -128 -756 -193
0 -4460 -644 15576 -57 -734 -157
0 -4424 -644 15616 -126 -729 -167
0 -4528 -612 15504 -106 -726 -156
0 -4492 -648 15680 -118 -721 -175
0 -4452 -680 15568 -111 -739 -184
0 -4476 -692 15520 -78 -727 -178
0 -4464 -656 15536 -108 -704 -170
0 -4516 -604 15592 -102 -722 -152
0 -4416 -612 15600 -138 -744 -155
0 -4492 -704 15556 -127 -786 -130
0 -4512 -588 15516 -100 -751 -143
0 -4452 -720 15524 -82 -716 -151
0 -4460 -676 15508 -108 -736 -199
0 -4496 -712 15528 -94 -757 -141
0 -4436 -672 15552 -122 -747 -159
0 -4464 -712 15556 -129 -749 -166
0 -4416 -712 15528 -124 -770 -177
0 -4476 -688 15552 -111 -725 -132
0 -4520 -688 15512 -116 -718 -144
0 -4424 -704 15604 -131 -771 -169
0 -4488 -688 15636 -144 -733 -174
0 -4536 -592 15568 -92 -711 -187
0 -4408 -640 15600 -117 -747 -145
0 -4456 -652 15560 -112 -756 -198
0 -4456 -684 15624 -107 -721 -187
0 -4484 -644 15520 -81 -731 -178
0 -4448 -608 15572 -122 -746 -141
0 -4504 -696 15504 -131 -732 -155
0 -4480 -620 15572 -142 -720 -157
0 -4468 -648 15424 -135 -734 -171
0 -4520 -616 15608 -133 -762 -161
0 -4472 -640 15524 -97 -749 -143
0 -4548 -688 15600 -124 -727 -173
0 -4440 -648 15452 -126 -739 -161
0 -4484 -700 15548 -146 -738 -159
0 -4452 -668 15512 -127 -730 -155

0 -4696 -456 15676 -107 -846 -209
0 -4356 -772 15608 100 -146 -115
0 -4740 -544 15432 -32 -838 -164
0 -4508 -668 15688 -212 -671 -183
0 -4668 -564 15564 -156 -876 -196
0 -4552 -628 15540 -103 -758 -169
0 -4636 -552 15504 -59 -718 -184
0 -4596 -576 15504 -235 -836 -179
0 -4560 -652 15528 -112 -731 -175
0 -4636 -604 15504 -127 -767 -138
0 -4588 -688 15556 -55 -735 -217
0 -4520 -640 15496 -147 -730 -162
0 -4636 -628 15608 -103 -715 -152
0 -4592 -636 15508 -70 -750 -163
0 -4604 -628 15508 -98 -739 -147
0 -4592 -592 15536 -166 -743 -216
0 -4640 -576 15464 -138 -746 -164
0 -4572 -608 15540 -78 -738 -124
0 -4548 -608 15500 -110 -758 -171
0 -4592 -644 15540 -142 -757 -144
0 -4572 -644 15488 -123 -775 -178
0 -4564 -572 15516 -103 -769 -173
0 -4572 -632 15604 -120 -752 -173
0 -4624 -640 15384 -96 -751 -142
0 -4628 -648 15548 -124 -768 -223
0 -4644 -640 15560 -106 -765 -156
0 -4572 -604 15564 -79 -735 -142
0 -4560 -616 15588 -121 -738 -166
0 -4596 -668 15476 -118 -753 -125
0 -4560 -616 15560 -110 -749 -181
0 -4560 -580 15496 -118 -746 -151
0 -4608 -604 15516 -115 -739 -165
0 -4556 -628 15528 -121 -750 -147
0 -4604 -624 15556 -139 -758 -149
0 -4604 -600 15440 -152 -708 -158
0 -4540 -616 15464 -91 -730 -161
0 -4576 -652 15556 -74 -753 -155
0 -4640 -556 15512 -118 -747 -198
0 -4560 -616 15564 -92 -739 -179
0 -4644 -564 15548 -99 -739 -154
0 -4520 -572 15512 -109 -725 -167
0 -4560 -584 15572 -117 -754 -159
0 -4572 -632 15580 -144 -751 -170
0 -4584 -624 15488 -144 -768 -168
0 -4604 -592 15560 -124 -729 -163
0 -4536 -588 15536 -127 -740 -195
0 -4576 -668 15552 -107 -741 -179
0 -4624 -620 15524 -104 -714 -188
0 -4596 -668 15528 -102 -730 -172
0 -4572 -620 15448 -130 -758 -178
0 -4556 -632 15396 -128 -716 -143
0 -4564 -600 15512 -108 -728 -176
0 -4572 -656 15584 -92 -752 -155
0 -4604 -604 15572 -101 -727 -148
0 -4584 -636 15580 -83 -729 -165
0 -4580 -644 15588 -95 -726 -175
0 -4560 -596 15576 -122 -750 -167
0 -4528 -544 15460 -77 -717 -166
0 -4640 -668 15476 -106 -741 -188
0 -4548 -584 15616 -118 -759 -156
0 -4600 -636 15504 -123 -743 -200
0 -4560 -620 15416 -89 -747 -178
0 -4568 -596 15492 -87 -731 -179
0 -4584 -552 15552 -117 -758 -167
0 -4516 -592 15528 -93 -785 -144
0 -4644 -592 15624 -148 -751 -169
0 -4584 -624 15492 -101 -739 -156
0 -4620 -608 15632 -114 -729 -163
0 -4592 -576 15600 -97 -796 -178
0 -4604 -580 15596 -141 -728 -153
0 -4532 -608 15484 -108 -744 -176
0 -4600 -608 15676 -101 -751 -155
0 -4612 -624 15576 -123 -743 -158
0 -4588 -636 15492 -129 -750 -159
0 -4592 -592 15588 -151 -737 -204

0 -4596 -604 15344 -123 -796 -217
0 -4344 -552 15816 183 -354 -201
0 -4648 -596 15388 6 -688 -163
0 -4448 -684 15644 -240 -881 -174
0 -4616 -596 15420 -70 -710 -180
0 -4604 -596 15544 -65 -861 -194
0 -4536 -664 15468 -45 -612 -152
0 -4564 -604 15664 -211 -808 -183
0 -4620 -684 15624 -139 -679 -160
0 -4564 -600 15568 -120 -808 -150
0 -4560 -680 15548 -84 -764 -243
0 -4588 -608 15428 -139 -754 -174
0 -4588 -624 15464 -113 -717 -156
0 -4624 -660 15440 -131 -759 -143
0 -4564 -628 15576 -96 -716 -166
0 -4576 -624 15500 -127 -751 -166
0 -4552 -612 15424 -112 -724 -195
0 -4596 -664 15548 -79 -744 -160
0 -4580 -592 15552 -123 -755 -192
0 -4624 -652 15548 -91 -741 -195
0 -4572 -580 15596 -164 -731 -162
0 -4624 -552 15484 -110 -776 -141
0 -4624 -648 15568 -118 -735 -168
0 -4632 -568 15564 -124 -760 -166
0 -4636 -684 15544 -116 -766 -173
0 -4596 -600 15452 -100 -746 -163
0 -4544 -648 15628 -105 -766 -150
0 -4660 -568 15424 -111 -749 -183
0 -4604 -600 15508 -108 -757 -137
0 -4592 -700 15548 -83 -736 -149
0 -4604 -608 15548 -127 -730 -137
0 -4584 -572 15488 -104 -716 -171
0 -4568 -660 15512 -117 -745 -197
0 -4632 -612 15388 -98 -748 -162
0 -4572 -552 15552 -64 -750 -164
0 -4584 -596 15532 -119 -769 -169
0 -4576 -604 15452 -137 -733 -163
0 -4564 -640 15624 -131 -744 -137
0 -4596 -632 15528 -81 -760 -193
0 -4600 -672 15476 -93 -737 -178
0 -4644 -620 15556 -118 -740 -209
0 -4612 -580 15484 -112 -730 -155
0 -4576 -604 15584 -141 -728 -182
0 -4540 -628 15560 -129 -754 -177
0 -4512 -636 15540 -109 -761 -186
0 -4592 -648 15448 -101 -726 -152
0 -4572 -644 15552 -127 -732 -186
0 -4528 -672 15600 -128 -719 -177
0 -4652 -612 15508 -131 -742 -154
0 -4588 -588 15468 -111 -735 -161
0 -4536 -612 15536 -119 -740 -175
0 -4624 -648 15576 -120 -712 -150
0 -4576 -676 15528 -91 -773 -172
0 -4588 -656 15480 -106 -752 -171
0 -4588 -616 15572 -92 -730 -185
0 -4596 -612 15540 -136 -727 -188
0 -4584 -624 15512 -94 -725 -166
0 -4568 -624 15572 -115 -757 -178
0 -4620 -616 15528 -113 -743 -165
0 -4576 -644 15524 -136 -741 -166
0 -4516 -632 15480 -111 -741 -143
0 -4672 -612 15644 -123 -763 -186
0 -4552 -604 15484 -116 -699 -170
0 -4560 -640 15580 -92 -741 -161
0 -4564 -540 15476 -107 -746 -218
0 -4540 -656 15580 -126 -745 -198
0 -4528 -576 15504 -95 -761 -190
0 -4540 -612 15584 -107 -742 -174
0 -4600 -588 15448 -108 -743 -169
0 -4624 -632 15568 -152 -768 -166
0 -4616 -652 15556 -104 -755 -153
0 -4520 -584 15632 -133 -723 -160
0 -4596 -612 15548 -114 -763 -156
0 -4540 -628 15484 -147 -743 -164
0 -4548 -568 15496 -126 -745 -162