0 2784 -16312 -5476 -579 4 -68
0 2872 -16316 -5628 -595 -20 -97
0 2892 -16400 -5588 -588 8 -84
0 2952 -16424 -5536 -576 3 -85
0 2880 -16372 -5304 -558 14 -99
0 2996 -16448 -5564 -570 13 -102
0 2932 -16396 -5500 -569 12 -80
0 2924 -16288 -5468 -568 11 -74
0 2996 -16432 -5468 -585 -11 -103
0 2896 -16344 -5436 -576 33 -83
0 2944 -16340 -5364 -580 18 -98
0 2920 -16400 -5532 -564 20 -92
0 2944 -16276 -5348 -591 -23 -103
0 2988 -16400 -5624 -575 4 -75
0 2924 -16264 -5540 -566 13 -91
0 2856 -16444 -5604 -570 -7 -87
0 2988 -16412 -5408 -571 10 -79
0 2908 -16440 -5596 -570 4 -82
0 2988 -16416 -5564 -567 15 -114
0 2980 -16288 -5444 -579 14 -80
0 2996 -16320 -5532 -578 -11 -101
0 2920 -16292 -5612 -574 10 -81
0 2936 -16288 -5576 -578 20 -91
0 3016 -16428 -5504 -564 15 -80
0 2940 -16412 -5332 -592 -1 -64
0 2960 -16312 -5496 -578 11 -87
0 3016 -16324 -5636 -558 -13 -78
0 2992 -16344 -5488 -566 -8 -76
0 2976 -16372 -5424 -575 25 -69
0 2932 -16324 -5516 -582 -3 -91
0 2904 -16444 -5444 -572 9 -75
0 2856 -16388 -5656 -576 -14 -93
0 2972 -16364 -5608 -567 15 -87
0 2920 -16228 -5484 -582 -11 -99
0 2876 -16372 -5424 -562 12 -87
0 3008 -16408 -5592 -562 3 -85
0 3040 -16424 -5624 -573 12 -94
0 2948 -16308 -5592 -552 7 -102
0 2956 -16324 -5484 -570 -8 -77
0 3052 -16368 -5424 -547 24 -68
0 2920 -16424 -5636 -581 6 -105
0 2928 -16384 -5416 -572 27 -91
0 2848 -16352 -5540 -559 -4 -82
0 3004 -16308 -5484 -562 20 -63
0 2904 -16320 -5592 -559 9 -96
0 2928 -16396 -5528 -575 14 -89
0 2872 -16280 -5348 -555 2 -80
0 2928 -16316 -5424 -569 16 -88
0 2872 -16344 -5716 -580 -3 -110
0 2980 -16368 -5572 -581 4 -91
0 2956 -16288 -5508 -569 17 -77
0 3052 -16516 -5444 -570 -3 -104
0 2944 -16292 -5572 -581 -6 -106
0 2932 -16368 -5532 -566 1 -102
0 2940 -16420 -5612 -580 33 -66
0 2996 -16300 -5528 -558 -19 -79
0 3000 -16308 -5436 -579 18 -104
0 2868 -16396 -5456 -564 -6 -70
0 2976 -16444 -5448 -571 -6 -88
0 2928 -16444 -5548 -583 18 -70
0 2880 -16280 -5624 -564 -10 -79
0 2940 -16368 -5396 -585 11 -90
0 2896 -16356 -5528 -559 15 -78
0 3008 -16392 -5452 -584 4 -92
0 3012 -16408 -5524 -564 13 -106
0 2956 -16316 -5396 -578 11 -91
0 2912 -16332 -5660 -559 0 -76
0 2968 -16340 -5528 -576 6 -96
0 2888 -16408 -5504 -582 15 -84
0 2976 -16308 -5616 -574 26 -98
0 3076 -16392 -5556 -569 -3 -87
0 2876 -16260 -5372 -565 1 -87
0 3012 -16320 -5476 -585 28 -86
0 3020 -16320 -5636 -559 -7 -91
0 2952 -16504 -5492 -554 6 -96

0 3104 -16588 -5696 -551 48 -77
0 2940 -16348 -5596 -570 30 -94
0 2932 -16456 -5620 -587 -2 -71
0 2984 -16396 -5392 -603 -2 -89
0 2868 -16324 -5652 -593 -5 -84
0 2952 -16428 -5460 -550 1 -84
0 2992 -16320 -5476 -565 6 -103
0 2912 -16316 -5508 -568 -4 -86
0 2968 -16400 -5472 -595 -23 -85
0 2996 -16316 -5548 -587 -9 -81
0 2868 -16424 -5496 -586 6 -88
0 2976 -16268 -5540 -562 12 -103
0 2928 -16288 -5616 -592 -1 -80
0 2984 -16328 -5604 -576 6 -90
0 2908 -16220 -5668 -576 -8 -94
0 2956 -16436 -5576 -580 15 -91
0 2960 -16300 -5516 -570 -15 -98
0 2912 -16412 -5548 -578 4 -85
0 2860 -16420 -5568 -581 13 -98
0 2944 -16352 -5384 -562 9 -89
0 2964 -16332 -5520 -586 4 -84
0 2992 -16324 -5572 -571 -11 -114
0 2944 -16344 -5684 -573 26 -99
0 2888 -16448 -5492 -581 4 -84
0 2900 -16364 -5568 -582 -13 -102
0 2976 -16372 -5476 -576 9 -65
0 2920 -16412 -5500 -559 -4 -100
0 2860 -16384 -5508 -568 13 -90
0 2892 -16384 -5520 -586 11 -91
0 2968 -16472 -5684 -565 5 -88
0 2928 -16460 -5516 -580 8 -59
0 2984 -16288 -5540 -564 -11 -108
0 2940 -16384 -5608 -571 13 -97
0 2980 -16212 -5512 -596 7 -75
0 2956 -16324 -5628 -566 7 -89
0 2860 -16340 -5620 -602 7 -86
0 2856 -16372 -5464 -566 15 -87
0 2948 -16368 -5624 -584 6 -80
0 2952 -16308 -5628 -577 10 -95
0 3016 -16328 -5472 -572 11 -85
0 2884 -16368 -5588 -569 10 -100
0 2968 -16356 -5484 -563 -2 -77
0 2996 -16328 -5628 -558 -3 -110
0 2896 -16420 -5560 -576 -4 -80
0 2976 -16368 -5720 -566 22 -79
0 3004 -16452 -5404 -578 19 -75
0 2912 -16392 -5492 -572 4 -94
0 2960 -16300 -5576 -570 -3 -89
0 2888 -16356 -5448 -565 8 -86
0 3012 -16312 -5424 -571 21 -83
0 2980 -16268 -5496 -575 18 -74
0 2884 -16348 -5632 -576 13 -75
0 2916 -16368 -5304 -576 -21 -97
0 2964 -16304 -5508 -554 8 -101
0 2960 -16304 -5676 -590 5 -93
0 2976 -16296 -5504 -589 -2 -88
0 2936 -16384 -5444 -588 -2 -94
0 2908 -16432 -5532 -579 43 -94
0 3012 -16368 -5436 -579 3 -73
0 3032 -16496 -5456 -569 14 -82
0 2936 -16352 -5456 -562 4 -85
0 2912 -16408 -5584 -561 13 -77
0 2912 -16324 -5656 -568 -7 -103
0 2940 -16316 -5492 -562 -7 -84
0 2996 -16336 -5504 -565 29 -87
0 2972 -16348 -5428 -579 -1 -72
0 2944 -16392 -5736 -591 1 -89
0 3040 -16312 -5492 -573 -4 -95
0 3004 -16392 -5472 -568 -10 -102
0 2996 -16340 -5592 -592 36 -72
0 2860 -16460 -5564 -579 -15 -103
0 2904 -16424 -5528 -582 20 -73
0 2888 -16336 -5568 -572 0 -83
0 2892 -16364 -5660 -562 -8 -96
0 2920 -16488 -5496 -573 -3 -120

0 2980 -16316 -5644 -567 -24 -115
0 2804 -16276 -5540 -573 -8 -78
0 2892 -16396 -5556 -584 -3 -93
0 2892 -16272 -5512 -585 -7 -91
0 2944 -16360 -5520 -557 31 -94
0 2888 -16308 -5476 -591 12 -94
0 2860 -16340 -5572 -570 8 -93
0 2856 -16380 -5560 -549 -10 -101
0 2920 -16452 -5368 -590 -24 -89
0 2828 -16316 -5556 -573 -7 -95
0 2956 -16368 -5572 -559 -11 -82
0 2880 -16368 -5512 -578 -5 -99
0 2960 -16344 -5504 -561 21 -75
0 2868 -16316 -5416 -571 -11 -92
0 2864 -16420 -5436 -580 2 -88
0 3000 -16292 -5468 -581 -11 -79
0 2948 -16356 -5436 -572 6 -94
0 2920 -16336 -5420 -559 22 -84
0 2912 -16268 -5444 -575 -14 -69
0 2920 -16316 -5560 -567 18 -79
0 2948 -16388 -5316 -572 10 -92
0 2952 -16320 -5476 -567 -11 -65
0 2940 -16292 -5552 -579 -4 -98
0 2884 -16400 -5500 -572 -6 -98
0 2904 -16424 -5448 -577 -17 -88
0 2888 -16348 -5520 -567 -15 -96
0 2912 -16376 -5620 -589 -8 -88
0 2832 -16328 -5416 -571 16 -81
0 2912 -16468 -5396 -563 -6 -73
0 2876 -16272 -5512 -581 2 -90
0 2996 -16304 -5600 -584 -6 -66
0 2852 -16244 -5484 -570 -9 -74
0 2856 -16284 -5492 -557 -4 -100
0 2892 -16364 -5524 -558 -6 -92
0 2924 -16344 -5440 -578 27 -87
0 2904 -16360 -5496 -563 25 -84
0 2880 -16368 -5504 -572 -4 -87
0 2976 -16292 -5516 -555 17 -91
0 2936 -16444 -5476 -562 17 -76
0 2892 -16412 -5656 -572 9 -88
0 2916 -16324 -5688 -575 22 -85
0 2864 -16316 -5456 -595 -13 -96
0 3048 -16296 -5636 -576 -4 -106
0 2992 -16328 -5532 -575 -13 -89
0 2984 -16304 -5460 -572 19 -95
0 2892 -16368 -5584 -571 -2 -81
0 2932 -16392 -5612 -567 1 -103
0 3020 -16320 -5432 -586 4 -87
0 2952 -16332 -5364 -573 -6 -95
0 2916 -16352 -5604 -561 9 -83
0 2916 -16400 -5640 -571 3 -79
0 2948 -16360 -5416 -563 1 -82
0 2840 -16476 -5512 -575 -4 -97
0 2928 -16384 -5484 -575 -7 -99
0 2956 -16412 -5492 -583 23 -75
0 2884 -16344 -5528 -577 7 -82
0 2992 -16436 -5496 -565 -19 -63
0 2968 -16352 -5548 -579 2 -85
0 2876 -16464 -5480 -552 19 -81
0 2948 -16312 -5532 -565 -17 -83
0 2876 -16400 -5388 -570 2 -83
0 2948 -16324 -5376 -563 -7 -95
0 2976 -16388 -5540 -588 14 -90
0 3000 -16412 -5540 -562 -6 -73
0 2932 -16356 -5464 -566 9 -81
0 2936 -16384 -5564 -560 19 -95
0 2896 -16432 -5564 -569 9 -104
0 3016 -16400 -5580 -581 23 -99
0 2972 -16284 -5484 -592 14 -81
0 2932 -16376 -5572 -586 5 -85
0 2968 -16336 -5540 -585 10 -96
0 2984 -16380 -5524 -567 5 -94
0 2996 -16392 -5660 -552 9 -98
0 3028 -16440 -5632 -567 -15 -66
0 2940 -16332 -5460 -583 0 -70

0 2892 -16552 -5716 -556 15 -72
0 2796 -16272 -5668 -580 -22 -107
0 3036 -16416 -5584 -584 -3 -77
0 2920 -16248 -5532 -595 -3 -90
0 2944 -16400 -5524 -582 -1 -92
0 2984 -16380 -5536 -566 28 -63
0 2936 -16260 -5500 -561 26 -94
0 3000 -16416 -5592 -576 8 -104
0 2944 -16276 -5564 -574 7 -93
0 2940 -16352 -5520 -571 21 -82
0 2956 -16316 -5564 -558 -2 -109
0 2952 -16412 -5636 -568 13 -81
0 2944 -16280 -5592 -551 3 -86
0 3000 -16368 -5492 -557 -6 -86
0 2876 -16388 -5652 -561 -2 -63
0 2924 -16332 -5568 -572 10 -100
0 2952 -16280 -5596 -563 7 -84
0 2912 -16344 -5576 -565 2 -72
0 2968 -16360 -5596 -551 0 -95
0 2944 -16344 -5484 -565 -21 -72
0 2880 -16412 -5464 -569 4 -80
0 2968 -16408 -5500 -563 -26 -85
0 2960 -16320 -5508 -576 18 -88
0 2912 -16364 -5360 -573 7 -81
0 2924 -16388 -5424 -581 -3 -109
0 2948 -16380 -5408 -570 -6 -99
0 2940 -16356 -5648 -568 14 -90
0 3004 -16448 -5588 -572 1 -96
0 2884 -16404 -5596 -564 10 -82
0 2892 -16400 -5556 -581 16 -103
0 2948 -16320 -5564 -564 -6 -96
0 2864 -16312 -5552 -573 16 -87
0 2820 -16332 -5688 -554 0 -89
0 2884 -16360 -5500 -574 25 -80
0 2864 -16372 -5504 -556 1 -62
0 2928 -16432 -5596 -566 8 -99
0 2880 -16396 -5564 -561 -6 -110
0 2980 -16360 -5664 -589 9 -88
0 2888 -16420 -5548 -565 -12 -105
0 2900 -16392 -5592 -563 1 -98
0 2944 -16356 -5488 -583 -17 -88
0 2940 -16344 -5564 -573 20 -77
0 2876 -16332 -5352 -595 21 -95
0 2900 -16460 -5416 -586 7 -80
0 2872 -16368 -5612 -557 11 -82
0 2972 -16392 -5436 -553 -3 -91
0 2840 -16368 -5596 -570 17 -85
0 2956 -16372 -5712 -578 -3 -78
0 2908 -16468 -5568 -553 24 -74
0 2968 -16364 -5400 -562 15 -91
0 2896 -16392 -5520 -576 -1 -98
0 2872 -16436 -5468 -562 -4 -73
0 2776 -16412 -5416 -576 -10 -94
0 2920 -16292 -5572 -565 11 -67
0 2872 -16340 -5512 -564 -5 -83
0 2908 -16380 -5528 -575 15 -66
0 2824 -16436 -5516 -589 0 -95
0 2892 -16316 -5600 -567 20 -96
0 2824 -16440 -5480 -563 13 -86
0 2932 -16428 -5556 -560 13 -74
0 3000 -16384 -5580 -562 6 -86
0 2900 -16416 -5480 -574 11 -95
0 3096 -16220 -5520 -567 7 -95
0 2952 -16372 -5428 -574 -1 -73
0 2928 -16284 -5656 -568 4 -91
0 3000 -16344 -5436 -551 -9 -82
0 2836 -16228 -5664 -582 12 -94
0 3004 -16420 -5644 -587 14 -96
0 2888 -16240 -5488 -573 16 -70
0 2976 -16380 -5512 -570 8 -89
0 2968 -16380 -5392 -563 -3 -99
0 2960 -16336 -5448 -567 12 -91
0 2896 -16384 -5540 -580 10 -98
0 2952 -16408 -5624 -564 -2 -117
0 2944 -16344 -5444 -557 4 -83

0 3000 -16520 -5640 -553 49 -90
0 2944 -16480 -5444 -550 31 -82
0 2904 -16328 -5572 -547 5 -73
0 3060 -16400 -5572 -581 -12 -84
0 3040 -16384 -5432 -586 3 -73
0 2972 -16264 -5492 -550 15 -87
0 3104 -16456 -5532 -558 -9 -78
0 3000 -16468 -5592 -566 -2 -86
0 2952 -16364 -5464 -581 14 -87
0 2880 -16332 -5552 -590 -29 -78
0 2924 -16400 -5552 -572 -3 -94
0 3000 -16336 -5588 -553 -12 -98
0 3060 -16372 -5436 -576 10 -69
0 2900 -16376 -5400 -575 13 -90
0 2964 -16324 -5472 -564 18 -85
0 2972 -16444 -5504 -573 -8 -101
0 2940 -16364 -5488 -560 15 -91
0 2964 -16432 -5660 -573 0 -70
0 2924 -16392 -5468 -576 0 -80
0 2828 -16436 -5636 -573 2 -79
0 3016 -16456 -5520 -577 -2 -82
0 2880 -16392 -5416 -560 4 -84
0 2972 -16344 -5608 -576 -14 -76
0 2948 -16396 -5460 -568 9 -81
0 2948 -16340 -5560 -561 18 -107
0 2864 -16304 -5576 -578 -8 -90
0 2924 -16356 -5492 -557 23 -102
0 3008 -16348 -5416 -567 10 -88
0 2860 -16380 -5440 -575 -2 -86
0 2836 -16332 -5352 -577 1 -86
0 2940 -16300 -5620 -584 -19 -83
0 2996 -16400 -5448 -570 7 -73
0 2984 -16416 -5568 -573 -1 -83
0 3016 -16412 -5512 -568 -2 -95
0 2928 -16376 -5604 -581 -4 -86
0 2996 -16464 -5452 -568 8 -103
0 3016 -16328 -5368 -565 3 -82
0 2992 -16376 -5584 -558 8 -87
0 2944 -16372 -5476 -577 -6 -82
0 2916 -16280 -5600 -579 15 -81
0 2956 -16320 -5408 -570 9 -90
0 2956 -16368 -5540 -578 -12 -87
0 2948 -16492 -5488 -564 5 -103
0 2992 -16332 -5584 -556 -6 -96
0 2908 -16356 -5624 -573 16 -92
0 2900 -16308 -5564 -576 8 -83
0 2920 -16340 -5628 -558 14 -101
0 2940 -16384 -5564 -582 8 -80
0 3020 -16348 -5548 -575 -10 -71
0 2988 -16432 -5492 -563 -4 -87
0 2960 -16396 -5448 -568 17 -88
0 2976 -16376 -5504 -567 4 -81
0 2956 -16320 -5532 -565 5 -70
0 2992 -16384 -5740 -550 0 -74
0 2936 -16376 -5704 -572 5 -88
0 2992 -16408 -5560 -569 16 -88
0 3008 -16332 -5660 -552 4 -82
0 2924 -16360 -5668 -571 -12 -92
0 2976 -16252 -5528 -573 8 -98
0 2936 -16384 -5612 -566 5 -80
0 2972 -16304 -5748 -573 1 -88
0 3052 -16392 -5592 -586 11 -104
0 2948 -16432 -5504 -580 -5 -104
0 2988 -16364 -5636 -554 6 -91
0 2900 -16412 -5456 -572 6 -81
0 2944 -16400 -5484 -577 8 -84
0 2956 -16384 -5572 -581 -12 -88
0 2932 -16412 -5524 -560 18 -87
0 2960 -16424 -5492 -576 -7 -81
0 2948 -16420 -5624 -563 4 -91
0 2948 -16312 -5572 -568 -14 -95
0 2944 -16300 -5500 -558 -32 -85
0 3004 -16460 -5632 -564 -2 -89
0 3004 -16320 -5604 -558 3 -91
0 2908 -16376 -5620 -571 14 -84

0 3176 -16280 -5200 -591 -66 -82
0 3092 -16236 -5608 -572 6 -69
0 3080 -16432 -5680 -554 38 -91
0 2932 -16292 -5612 -558 9 -83
0 3028 -16368 -5716 -581 16 -83
0 3020 -16344 -5704 -579 25 -80
0 2896 -16512 -5468 -596 20 -86
0 2972 -16352 -5484 -573 7 -93
0 2988 -16480 -5620 -571 9 -96
0 2960 -16276 -5652 -558 3 -91
0 3000 -16324 -5592 -559 5 -83
0 2916 -16352 -5552 -572 16 -91
0 3016 -16316 -5652 -568 4 -91
0 3048 -16408 -5504 -551 14 -80
0 3020 -16300 -5492 -582 -13 -87
0 2932 -16388 -5676 -548 16 -91
0 3004 -16308 -5616 -569 17 -72
0 2952 -16408 -5536 -577 7 -83
0 2908 -16420 -5372 -565 19 -93
0 2956 -16300 -5448 -567 3 -88
0 2900 -16456 -5584 -574 12 -92
0 2968 -16392 -5536 -577 2 -80
0 3060 -16312 -5560 -594 -5 -99
0 3012 -16352 -5508 -579 -14 -91
0 2932 -16332 -5588 -565 18 -97
0 2892 -16368 -5624 -571 3 -95
0 3000 -16408 -5696 -584 25 -58
0 2924 -16304 -5652 -583 26 -83
0 2936 -16364 -5568 -549 7 -108
0 3040 -16412 -5520 -579 10 -72
0 2940 -16396 -5408 -569 -10 -110
0 2992 -16448 -5636 -581 -13 -101
0 2904 -16288 -5464 -569 -3 -88
0 2944 -16300 -5604 -563 5 -82
0 2956 -16388 -5336 -564 -14 -85
0 2992 -16264 -5524 -561 22 -81
0 2852 -16420 -5564 -579 19 -86
0 2988 -16340 -5564 -579 -15 -101
0 2872 -16376 -5636 -562 6 -86
0 2900 -16344 -5524 -581 -4 -100
0 2896 -16372 -5356 -561 -18 -97
0 3024 -16304 -5616 -577 8 -94
0 2872 -16468 -5688 -552 33 -96
0 2976 -16376 -5488 -557 -2 -79
0 2984 -16408 -5504 -563 -1 -89
0 2980 -16364 -5524 -590 7 -95
0 2900 -16356 -5540 -568 7 -67
0 2852 -16340 -5444 -577 14 -76
0 2956 -16360 -5552 -558 8 -85
0 2904 -16340 -5624 -579 8 -80
0 2900 -16396 -5636 -569 12 -101
0 2984 -16332 -5496 -579 -2 -87
0 3044 -16352 -5504 -575 -4 -79
0 3080 -16340 -5528 -570 -5 -87
0 2936 -16360 -5500 -568 1 -80
0 2964 -16284 -5496 -572 13 -82
0 2908 -16352 -5464 -572 -5 -85
0 3024 -16412 -5468 -574 16 -85
0 2904 -16480 -5532 -565 -4 -68
0 2948 -16468 -5552 -571 -11 -75
0 2968 -16388 -5484 -567 -14 -88
0 2972 -16316 -5596 -564 13 -92
0 2964 -16384 -5516 -572 -4 -103
0 2984 -16376 -5600 -570 9 -96
0 2880 -16324 -5408 -567 -8 -97
0 2940 -16388 -5504 -561 -10 -95
0 2884 -16316 -5744 -583 4 -72
0 2900 -16444 -5456 -560 -4 -81
0 2876 -16380 -5468 -565 2 -99
0 2948 -16336 -5436 -565 14 -84
0 3012 -16352 -5696 -578 1 -77
0 2892 -16380 -5592 -569 3 -94
0 2992 -16316 -5520 -563 14 -95
0 2876 -16364 -5560 -565 -1 -105
0 2888 -16324 -5540 -581 20 -102

0 3024 -16304 -5492 -555 -20 -86
0 2888 -16368 -5628 -591 -27 -74
0 2960 -16316 -5544 -596 -32 -71
0 2944 -16264 -5480 -588 3 -76
0 2944 -16424 -5652 -552 -13 -76
0 3028 -16396 -5624 -576 13 -90
0 2956 -16316 -5492 -586 -10 -82
0 3032 -16420 -5512 -559 8 -83
0 2980 -16336 -5364 -574 -5 -87
0 2876 -16368 -5480 -576 16 -94
0 2968 -16436 -5540 -567 -3 -81
0 3016 -16408 -5560 -572 14 -96
0 2912 -16424 -5592 -561 7 -83
0 2968 -16368 -5436 -578 6 -75
0 2808 -16424 -5412 -567 -4 -94
0 2920 -16344 -5452 -587 7 -119
0 2960 -16352 -5564 -564 20 -108
0 2920 -16316 -5460 -572 15 -61
0 3000 -16332 -5524 -576 -23 -88
0 2980 -16304 -5512 -574 1 -121
0 2808 -16444 -5548 -575 -17 -75
0 2976 -16244 -5484 -559 -18 -83
0 2980 -16356 -5608 -568 22 -91
0 2904 -16296 -5544 -569 -9 -101
0 2916 -16408 -5540 -574 15 -82
0 2912 -16396 -5556 -580 -3 -76
0 2932 -16356 -5624 -572 -5 -90
0 3012 -16328 -5416 -571 -15 -92
0 2904 -16484 -5500 -580 19 -91
0 2888 -16260 -5424 -575 28 -76
0 2912 -16408 -5436 -576 9 -85
0 2940 -16368 -5444 -570 1 -76
0 2936 -16324 -5400 -565 -9 -97
0 2832 -16380 -5540 -571 -7 -104
0 3000 -16364 -5532 -573 13 -96
0 2892 -16396 -5384 -596 3 -83
0 2804 -16332 -5516 -563 -6 -103
0 2864 -16252 -5524 -574 13 -89
0 2936 -16368 -5460 -577 -22 -107
0 2956 -16292 -5456 -557 5 -99
0 2880 -16372 -5468 -574 9 -99
0 2856 -16268 -5556 -584 -17 -91
0 2804 -16384 -5508 -566 -16 -89
0 2856 -16460 -5364 -560 18 -93
0 2892 -16300 -5532 -575 10 -80
0 2848 -16328 -5488 -568 5 -94
0 2960 -16316 -5548 -562 -5 -84
0 2892 -16448 -5476 -587 -28 -80
0 2928 -16392 -5468 -568 3 -86
0 2948 -16428 -5516 -572 -9 -88
0 2876 -16376 -5464 -565 15 -109
0 2888 -16296 -5540 -569 -4 -77
0 2984 -16360 -5468 -547 -16 -73
0 2832 -16300 -5576 -568 7 -114
0 2880 -16364 -5492 -565 7 -100
0 2860 -16372 -5348 -585 8 -70
0 2908 -16332 -5452 -586 -18 -88
0 2956 -16312 -5524 -567 4 -117
0 2836 -16400 -5624 -582 -8 -75
0 2892 -16376 -5676 -569 -24 -79
0 2992 -16472 -5692 -560 1 -83
0 2892 -16300 -5440 -563 9 -83
0 3004 -16504 -5416 -574 -1 -88
0 2996 -16280 -5436 -568 16 -87
0 2968 -16384 -5552 -569 5 -81
0 2912 -16284 -5412 -595 14 -91
0 2868 -16424 -5452 -574 7 -67
0 2844 -16400 -5592 -564 14 -119
0 2908 -16480 -5516 -571 2 -85
0 2960 -16388 -5540 -578 21 -112
0 2904 -16376 -5584 -569 12 -77
0 2840 -16404 -5504 -595 -13 -69
0 2908 -16392 -5436 -570 4 -69
0 2908 -16380 -5420 -585 -3 -86
0 2936 -16340 -5664 -564 -3 -85

0 3020 -16380 -5552 -544 -17 -78
0 2968 -16288 -5560 -586 -15 -78
0 2960 -16388 -5524 -581 -29 -82
0 2852 -16340 -5524 -584 -2 -83
0 3008 -16376 -5596 -563 2 -93
0 3064 -16372 -5612 -569 17 -81
0 3052 -16320 -5696 -571 -14 -85
0 2880 -16424 -5608 -560 -4 -101
0 2924 -16328 -5520 -574 -10 -95
0 2892 -16364 -5540 -577 15 -83
0 2916 -16324 -5608 -578 9 -80
0 2984 -16408 -5588 -572 2 -86
0 2988 -16352 -5568 -591 23 -77
0 2932 -16268 -5672 -572 -4 -80
0 2916 -16464 -5556 -584 -23 -106
0 2972 -16352 -5684 -589 -23 -96
0 2984 -16448 -5508 -587 6 -68
0 2996 -16336 -5484 -591 3 -114
0 2960 -16340 -5636 -575 11 -80
0 2936 -16368 -5448 -560 14 -90
0 2912 -16424 -5420 -567 -1 -91
0 2948 -16344 -5572 -577 -1 -65
0 3052 -16276 -5504 -572 25 -87
0 2864 -16388 -5592 -596 14 -89
0 2920 -16340 -5500 -590 4 -81
0 2872 -16292 -5520 -567 4 -104
0 2860 -16336 -5552 -581 -6 -89
0 2964 -16304 -5552 -584 -8 -97
0 2932 -16304 -5556 -581 22 -91
0 2968 -16356 -5440 -575 0 -85
0 3072 -16392 -5552 -579 -4 -81
0 2936 -16304 -5620 -584 15 -84
0 2916 -16424 -5568 -590 20 -88
0 2888 -16316 -5680 -586 8 -78
0 2868 -16324 -5568 -576 13 -96
0 2968 -16340 -5556 -583 -14 -88
0 2952 -16348 -5592 -576 -9 -104
0 2932 -16376 -5468 -581 8 -103
0 2960 -16352 -5504 -575 33 -89
0 2956 -16380 -5608 -586 9 -80
0 2976 -16316 -5660 -584 8 -99
0 2916 -16276 -5340 -583 14 -91
0 2996 -16360 -5556 -583 -1 -87
0 2968 -16396 -5544 -583 24 -94
0 2872 -16292 -5592 -567 -12 -107
0 2936 -16268 -5664 -575 -2 -76
0 2924 -16368 -5452 -571 5 -113
0 3052 -16532 -5648 -574 9 -67
0 2960 -16432 -5600 -596 -6 -90
0 2936 -16416 -5744 -577 -14 -79
0 2892 -16312 -5592 -582 1 -80
0 2940 -16428 -5604 -563 7 -89
0 2860 -16292 -5488 -576 6 -89
0 2992 -16436 -5440 -586 33 -76
0 2988 -16284 -5488 -578 1 -88
0 2956 -16372 -5420 -586 -22 -67
0 2952 -16336 -5532 -574 4 -82
0 2920 -16412 -5484 -583 16 -92
0 2920 -16356 -5584 -570 16 -84
0 2848 -16380 -5564 -572 22 -80
0 2916 -16352 -5496 -575 -11 -94
0 2972 -16340 -5528 -581 6 -85
0 2948 -16308 -5540 -579 -1 -112
0 2944 -16364 -5532 -588 10 -95
0 2932 -16428 -5584 -573 19 -72
0 2920 -16376 -5568 -588 -22 -116
0 2936 -16484 -5444 -564 -6 -94
0 2904 -16416 -5580 -594 -2 -83
0 2940 -16380 -5468 -568 11 -93
0 2888 -16364 -5560 -576 9 -98
0 2976 -16288 -5636 -572 22 -70
0 2916 -16324 -5512 -578 -6 -97
0 2988 -16388 -5544 -572 7 -94
0 2972 -16344 -5652 -579 13 -77
0 3000 -16400 -5548 -565 -3 -93

0 2788 -16596 -5548 -525 -5 -135
0 2660 -16388 -5612 -562 -69 -96
0 2992 -16392 -5572 -607 -46 -81
0 3056 -16224 -5548 -590 -28 -96
0 2932 -16396 -5544 -584 3 -82
0 3016 -16344 -5656 -582 35 -77
0 3016 -16260 -5520 -572 0 -88
0 2916 -16268 -5620 -582 21 -80
0 3000 -16368 -5472 -574 -17 -89
0 2948 -16352 -5524 -581 0 -76
0 2940 -16356 -5536 -592 -3 -97
0 2912 -16396 -5536 -573 -1 -104
0 2960 -16412 -5660 -568 5 -104
0 2980 -16336 -5436 -576 10 -98
0 2900 -16200 -5508 -564 -9 -100
0 2988 -16340 -5564 -579 20 -115
0 2916 -16320 -5496 -576 4 -94
0 2956 -16360 -5488 -566 7 -80
0 2964 -16396 -5592 -584 17 -77
0 2932 -16340 -5460 -563 -2 -103
0 2864 -16292 -5688 -563 10 -103
0 2936 -16296 -5576 -578 -14 -99
0 2916 -16356 -5440 -534 -9 -73
0 2924 -16240 -5460 -577 19 -108
0 2880 -16312 -5528 -571 9 -102
0 2908 -16388 -5696 -596 11 -53
0 2936 -16336 -5556 -591 -6 -77
0 2916 -16424 -5560 -564 6 -73
0 2892 -16340 -5636 -577 -3 -119
0 2864 -16440 -5404 -569 9 -76
0 2868 -16464 -5472 -570 0 -104
0 2968 -16376 -5520 -586 -3 -104
0 2988 -16372 -5436 -594 11 -79
0 2932 -16344 -5608 -570 15 -103
0 2976 -16260 -5592 -572 9 -80
0 2996 -16356 -5688 -576 8 -97
0 3000 -16356 -5500 -557 -7 -82
0 2948 -16396 -5568 -580 4 -97
0 2912 -16524 -5524 -563 -2 -83
0 2956 -16380 -5544 -591 -14 -94
0 2964 -16376 -5424 -576 10 -92
0 2976 -16360 -5540 -577 1 -92
0 3032 -16316 -5500 -573 20 -87
0 3004 -16296 -5420 -580 -8 -111
0 2992 -16388 -5456 -580 16 -87
0 2880 -16368 -5452 -577 20 -98
0 2968 -16368 -5528 -576 14 -96
0 2936 -16264 -5432 -562 -11 -75
0 2976 -16300 -5504 -570 6 -92
0 2948 -16304 -5528 -569 1 -85
0 2940 -16292 -5484 -581 -8 -93
0 2948 -16412 -5424 -576 -5 -112
0 2992 -16420 -5532 -577 11 -89
0 3032 -16460 -5512 -555 6 -75
0 2924 -16376 -5612 -575 22 -88
0 2916 -16328 -5620 -580 9 -78
0 3024 -16328 -5636 -585 16 -100
0 3032 -16376 -5540 -571 -13 -85
0 2996 -16348 -5476 -568 -3 -84
0 2936 -16332 -5620 -568 15 -87
0 2948 -16344 -5512 -584 12 -109
0 2920 -16384 -5504 -580 6 -90
0 2944 -16400 -5636 -591 3 -92
0 2864 -16356 -5544 -558 -1 -90
0 2952 -16336 -5444 -570 11 -87
0 2932 -16284 -5488 -563 -3 -80
0 2852 -16360 -5460 -565 23 -92
0 2936 -16360 -5584 -571 8 -86
0 2924 -16416 -5436 -578 8 -78
0 2956 -16328 -5648 -592 10 -95
0 2952 -16296 -5548 -580 1 -93
0 2836 -16392 -5472 -582 -11 -74
0 2924 -16420 -5420 -578 -6 -80
0 2876 -16480 -5376 -576 4 -96
0 2892 -16360 -5584 -570 16 -81

0 2928 -16476 -5556 -560 -1 -100
0 3044 -16224 -5596 -571 3 -87
0 2996 -16408 -5556 -594 -8 -91
0 2948 -16372 -5564 -583 -16 -87
0 3060 -16352 -5448 -585 -10 -71
0 3004 -16244 -5644 -574 14 -87
0 3012 -16408 -5548 -562 28 -65
0 2896 -16436 -5600 -579 -11 -79
0 2988 -16444 -5436 -593 26 -87
0 2936 -16320 -5632 -586 8 -79
0 2928 -16396 -5496 -597 2 -78
0 2988 -16328 -5516 -575 0 -76
0 2884 -16416 -5428 -592 18 -87
0 2864 -16376 -5396 -591 -14 -91
0 2940 -16340 -5536 -583 -9 -88
0 2996 -16420 -5520 -594 25 -64
0 2964 -16248 -5580 -580 9 -94
0 2956 -16352 -5480 -567 -15 -100
0 2904 -16356 -5456 -582 15 -99
0 2912 -16448 -5552 -588 7 -77
0 2940 -16396 -5512 -575 2 -68
0 3032 -16416 -5596 -599 -12 -99
0 2892 -16344 -5436 -599 25 -79
0 2956 -16368 -5620 -582 0 -74
0 2896 -16420 -5524 -593 -16 -90
0 2964 -16372 -5452 -578 -3 -78
0 2844 -16396 -5460 -594 1 -102
0 2952 -16300 -5640 -585 0 -95
0 2948 -16328 -5628 -578 -21 -104
0 2988 -16364 -5472 -584 13 -73
0 2944 -16372 -5444 -567 13 -91
0 2908 -16316 -5508 -587 3 -77
0 2916 -16368 -5524 -595 2 -95
0 2800 -16364 -5560 -580 31 -112
0 2928 -16388 -5540 -591 -16 -88
0 2972 -16300 -5492 -580 -4 -101
0 2920 -16276 -5384 -584 8 -85
0 2920 -16352 -5440 -581 -4 -94
0 2860 -16336 -5564 -569 4 -100
0 2888 -16348 -5524 -598 -5 -98
0 2808 -16436 -5564 -580 -15 -96
0 2968 -16416 -5540 -581 10 -79
0 2956 -16404 -5532 -569 21 -81
0 2968 -16304 -5556 -601 -8 -105
0 3040 -16396 -5488 -604 6 -98
0 2920 -16320 -5660 -587 -1 -104
0 3112 -16432 -5456 -591 8 -99
0 2932 -16388 -5796 -584 -6 -84
0 2904 -16440 -5440 -585 17 -76
0 2904 -16328 -5600 -587 4 -98
0 2988 -16496 -5492 -595 -13 -72
0 2996 -16276 -5740 -601 16 -79
0 2900 -16388 -5560 -585 -9 -105
0 2932 -16308 -5348 -575 14 -90
0 2956 -16420 -5624 -604 2 -77
0 2876 -16240 -5552 -580 16 -80
0 2932 -16460 -5532 -600 -3 -93
0 2864 -16380 -5488 -580 -1 -98
0 2916 -16388 -5472 -580 9 -79
0 2860 -16348 -5588 -576 4 -86
0 2952 -16400 -5384 -594 -9 -86
0 2912 -16456 -5640 -576 -8 -86
0 2832 -16436 -5520 -568 3 -87
0 2932 -16384 -5328 -595 -7 -87
0 2948 -16444 -5596 -580 16 -93
0 3052 -16348 -5576 -586 -1 -69
0 2960 -16416 -5468 -590 -7 -63
0 2972 -16396 -5440 -587 1 -76
0 2860 -16204 -5496 -587 7 -95
0 3040 -16376 -5532 -590 14 -80
0 2948 -16236 -5468 -576 -7 -68
0 2908 -16404 -5584 -593 -3 -87
0 2880 -16316 -5504 -593 7 -89
0 2888 -16296 -5604 -577 -7 -81
0 3004 -16308 -5768 -585 -15 -88

0 2812 -16444 -5584 -573 71 -75
0 2980 -16376 -5532 -561 21 -112
0 2916 -16380 -5640 -568 1 -87
0 2916 -16460 -5536 -578 -20 -70
0 2920 -16368 -5340 -606 -10 -95
0 2904 -16304 -5512 -588 1 -91
0 2896 -16368 -5572 -575 15 -89
0 2896 -16456 -5520 -580 -3 -81
0 2996 -16328 -5396 -573 1 -91
0 2936 -16404 -5492 -574 29 -108
0 2916 -16452 -5524 -590 23 -89
0 2860 -16304 -5392 -587 -1 -90
0 2932 -16432 -5548 -585 -5 -74
0 2972 -16328 -5500 -573 13 -92
0 2936 -16352 -5552 -588 12 -83
0 2872 -16360 -5424 -595 -7 -87
0 2924 -16276 -5556 -592 6 -69
0 2900 -16408 -5416 -575 11 -108
0 2956 -16280 -5516 -589 2 -64
0 2928 -16352 -5496 -572 -11 -94
0 2908 -16440 -5588 -585 18 -80
0 3036 -16364 -5520 -597 -3 -84
0 2928 -16324 -5664 -588 24 -96
0 2936 -16444 -5416 -593 -4 -86
0 3012 -16348 -5556 -563 11 -94
0 2912 -16440 -5536 -591 13 -79
0 2944 -16388 -5432 -594 22 -98
0 3012 -16344 -5448 -592 -7 -86
0 2860 -16288 -5556 -590 -15 -70
0 2916 -16340 -5604 -591 16 -91
0 3008 -16320 -5520 -588 5 -79
0 2960 -16352 -5576 -590 25 -96
0 2916 -16392 -5512 -586 17 -85
0 2996 -16336 -5480 -567 -17 -100
0 2872 -16268 -5540 -588 7 -90
0 2968 -16248 -5364 -590 15 -106
0 2892 -16320 -5456 -595 13 -78
0 2960 -16336 -5464 -571 4 -73
0 2876 -16364 -5512 -585 -2 -79
0 2960 -16320 -5684 -583 4 -110
0 3004 -16352 -5496 -590 -1 -83
0 2928 -16284 -5548 -576 -6 -74
0 2976 -16312 -5524 -590 -2 -84
0 2920 -16416 -5456 -589 18 -90
0 3036 -16428 -5476 -578 -9 -73
0 3044 -16312 -5636 -575 9 -84
0 2896 -16288 -5480 -584 7 -77
0 2876 -16364 -5420 -581 25 -91
0 2948 -16360 -5408 -568 -8 -68
0 3072 -16404 -5520 -585 -7 -87
0 2936 -16336 -5632 -587 -12 -96
0 2960 -16324 -5448 -572 -3 -88
0 3032 -16260 -5536 -584 1 -102
0 2892 -16364 -5644 -578 0 -93
0 2964 -16372 -5312 -591 -1 -83
0 2940 -16364 -5548 -567 33 -90
0 2940 -16416 -5472 -561 0 -94
0 2880 -16460 -5544 -575 21 -87
0 2948 -16256 -5468 -601 -10 -89
0 2900 -16400 -5352 -601 7 -85
0 2868 -16296 -5504 -583 -1 -102
0 2880 -16344 -5576 -583 -1 -80
0 2884 -16296 -5632 -572 -12 -85
0 2980 -16388 -5516 -572 20 -85
0 2884 -16380 -5732 -571 -2 -94
0 2820 -16380 -5576 -589 -24 -118
0 3080 -16436 -5612 -587 25 -106
0 2944 -16296 -5688 -575 14 -65
0 2840 -16380 -5540 -603 11 -96
0 2908 -16340 -5596 -575 14 -93
0 2856 -16380 -5668 -573 -6 -71
0 3032 -16392 -5636 -597 -4 -79
0 2952 -16364 -5596 -595 -22 -107
0 2784 -16360 -5584 -588 106 -53
0 2720 -16256 -5432 -578 -35 -116

0 2892 -16676 -5644 -546 15 -109
0 2904 -16176 -5652 -573 -5 -104
0 3000 -16444 -5568 -591 -13 -69
0 2888 -16280 -5660 -597 -3 -115
0 2960 -16420 -5508 -590 -1 -98
0 2740 -16296 -5500 -569 10 -89
0 2904 -16448 -5532 -586 0 -96
0 2876 -16352 -5444 -579 8 -80
0 2940 -16340 -5508 -575 3 -77
0 2900 -16284 -5384 -572 2 -100
0 2920 -16448 -5408 -596 10 -97
0 2912 -16388 -5556 -575 18 -88
0 2952 -16304 -5504 -576 16 -79
0 2844 -16404 -5460 -589 8 -96
0 2972 -16344 -5408 -575 10 -88
0 2868 -16396 -5628 -585 31 -83
0 2896 -16308 -5584 -584 -5 -95
0 2948 -16324 -5532 -567 6 -95
0 2840 -16356 -5432 -570 -3 -96
0 2880 -16380 -5412 -590 -16 -71
0 2892 -16408 -5504 -596 -12 -79
0 3060 -16328 -5516 -578 10 -89
0 2940 -16432 -5436 -577 6 -83
0 2904 -16348 -5580 -572 1 -83
0 2976 -16320 -5548 -560 -6 -85
0 3028 -16396 -5652 -557 2 -117
0 2864 -16352 -5372 -588 -9 -90
0 2936 -16368 -5472 -575 -9 -103
0 3000 -16356 -5504 -582 15 -82
0 2920 -16440 -5580 -576 -18 -102
0 2964 -16412 -5472 -580 30 -77
0 2956 -16336 -5540 -584 -8 -100
0 3000 -16392 -5612 -566 9 -94
0 2888 -16368 -5708 -558 12 -102
0 2992 -16328 -5516 -575 34 -105
0 2972 -16432 -5640 -596 17 -106
0 2984 -16420 -5436 -588 24 -97
0 2964 -16408 -5652 -572 -9 -99
0 2976 -16336 -5488 -566 5 -88
0 2988 -16372 -5436 -585 -6 -107
0 2948 -16348 -5540 -586 23 -77
0 2948 -16380 -5616 -590 3 -82
0 2940 -16364 -5496 -562 2 -104
0 2932 -16304 -5536 -587 16 -95
0 2968 -16376 -5548 -569 10 -89
0 2956 -16384 -5468 -570 17 -97
0 2932 -16348 -5464 -592 -9 -74
0 2864 -16456 -5468 -579 8 -91
0 2892 -16372 -5472 -593 2 -105
0 2912 -16416 -5540 -577 -4 -94
0 2920 -16408 -5500 -598 17 -77
0 2932 -16396 -5580 -583 19 -92
0 2900 -16296 -5344 -571 -9 -87
0 2924 -16376 -5608 -568 7 -80
0 2900 -16412 -5564 -572 20 -77
0 2904 -16356 -5612 -583 32 -88
0 2920 -16336 -5672 -560 18 -96
0 2904 -16388 -5564 -565 13 -90
0 2964 -16408 -5636 -570 -8 -110
0 2864 -16332 -5596 -579 -9 -93
0 2960 -16428 -5444 -579 -4 -84
0 2912 -16312 -5516 -576 6 -68
0 3028 -16344 -5484 -576 -16 -70
0 3000 -16356 -5452 -582 -1 -78
0 2932 -16456 -5460 -574 13 -91
0 2832 -16368 -5508 -568 9 -75
0 2888 -16336 -5564 -573 -19 -80
0 3028 -16416 -5408 -593 -8 -71
0 2956 -16324 -5616 -575 10 -101
0 2868 -16368 -5684 -588 7 -95
0 2812 -16400 -5588 -580 18 -69
0 2824 -16384 -5584 -578 8 -85
0 2900 -16380 -5468 -610 3 -91
0 2892 -16364 -5400 -569 -12 -68
0 2976 -16400 -5372 -589 -1 -81

0 3084 -16464 -5504 -592 3 -87
0 3068 -16324 -5628 -592 -13 -81
0 2956 -16396 -5540 -576 17 -99
0 2924 -16348 -5524 -565 -1 -94
0 2968 -16396 -5512 -577 30 -98
0 3040 -16412 -5588 -576 6 -95
0 2952 -16348 -5620 -600 -2 -81
0 2948 -16348 -5548 -570 -17 -87
0 2956 -16340 -5564 -578 -1 -78
0 2900 -16316 -5480 -586 -20 -84
0 2944 -16324 -5616 -562 2 -101
0 2948 -16352 -5600 -588 4 -76
0 2920 -16396 -5488 -578 -1 -89
0 2940 -16272 -5400 -564 1 -111
0 3024 -16292 -5488 -576 4 -82
0 2920 -16388 -5620 -575 -8 -86
0 3024 -16300 -5456 -592 -1 -84
0 2972 -16332 -5476 -575 -8 -104
0 3024 -16360 -5492 -564 14 -98
0 2988 -16308 -5508 -575 28 -96
0 2948 -16316 -5648 -575 -1 -109
0 2924 -16396 -5548 -571 5 -88
0 2844 -16392 -5500 -568 12 -96
0 2932 -16308 -5584 -566 -7 -109
0 2988 -16416 -5596 -570 0 -104
0 2988 -16332 -5660 -568 9 -93
0 2924 -16380 -5520 -588 16 -86
0 2936 -16344 -5516 -579 0 -100
0 2976 -16448 -5616 -568 11 -123
0 2932 -16344 -5548 -568 14 -74
0 2912 -16372 -5308 -563 10 -101
0 2884 -16368 -5476 -575 7 -107
0 2888 -16372 -5512 -590 4 -91
0 2904 -16320 -5616 -573 13 -101
0 2896 -16344 -5516 -580 12 -90
0 2976 -16432 -5616 -571 6 -94
0 3016 -16348 -5556 -559 -22 -64
0 2956 -16368 -5608 -585 -4 -88
0 2972 -16352 -5516 -586 27 -80
0 2952 -16308 -5496 -573 22 -61
0 2920 -16280 -5408 -581 5 -85
0 2892 -16380 -5440 -578 5 -81
0 2900 -16420 -5588 -564 -2 -85
0 2968 -16328 -5600 -566 6 -91
0 2960 -16308 -5440 -587 4 -92
0 3012 -16368 -5560 -579 -11 -68
0 2972 -16472 -5616 -578 16 -104
0 2852 -16392 -5576 -590 16 -75
0 2956 -16412 -5528 -573 8 -92
0 2872 -16396 -5624 -575 25 -74
0 2812 -16436 -5528 -579 16 -83
0 2952 -16256 -5512 -580 -8 -82
0 3016 -16380 -5456 -598 23 -107
0 2892 -16348 -5600 -557 -4 -95
0 2996 -16424 -5376 -563 -3 -100
0 2932 -16364 -5508 -582 13 -81
0 2892 -16392 -5484 -561 17 -87
0 2996 -16296 -5512 -585 2 -82
0 2996 -16412 -5436 -575 9 -89
0 3004 -16248 -5580 -570 12 -95
0 2912 -16320 -5444 -574 7 -85
0 3028 -16352 -5460 -584 2 -102
0 2952 -16332 -5524 -577 8 -90
0 2952 -16312 -5528 -576 12 -100
0 2920 -16448 -5616 -578 9 -97
0 3056 -16288 -5548 -561 -21 -88
0 2940 -16392 -5488 -578 -3 -68
0 2924 -16420 -5656 -559 27 -95
0 2876 -16272 -5504 -571 13 -90
0 2976 -16284 -5564 -595 6 -86
0 2916 -16352 -5728 -595 -4 -97
0 2956 -16356 -5512 -582 -5 -85
0 2916 -16436 -5372 -569 16 -92
0 2928 -16440 -5572 -598 -10 -85
0 2952 -16416 -5688 -585 16 -95

0 3292 -16708 -5556 -571 33 -75
0 3084 -16352 -5652 -576 48 -79
0 2880 -16456 -5616 -591 15 -87
0 2948 -16404 -5624 -576 5 -77
0 2984 -16320 -5472 -580 16 -119
0 3004 -16348 -5656 -572 -15 -83
0 2928 -16356 -5460 -562 -3 -80
0 2896 -16344 -5584 -578 25 -97
0 2948 -16432 -5520 -569 -12 -81
0 3004 -16204 -5588 -564 -1 -98
0 2880 -16316 -5548 -576 -7 -87
0 2932 -16316 -5492 -563 -15 -116
0 2908 -16328 -5408 -580 9 -87
0 2832 -16396 -5608 -551 7 -82
0 3024 -16372 -5544 -586 -4 -70
0 2904 -16352 -5312 -577 9 -78
0 2904 -16364 -5620 -577 18 -105
0 2956 -16284 -5632 -589 -11 -65
0 2888 -16308 -5632 -565 13 -98
0 2968 -16252 -5716 -568 12 -93
0 2972 -16388 -5600 -557 -7 -94
0 2920 -16344 -5612 -584 10 -90
0 2936 -16304 -5468 -563 7 -77
0 2948 -16324 -5568 -565 23 -86
0 2916 -16344 -5504 -569 6 -74
0 2948 -16368 -5644 -579 9 -79
0 2972 -16316 -5720 -580 3 -93
0 2848 -16408 -5484 -578 11 -60
0 2904 -16280 -5516 -570 3 -80
0 2916 -16376 -5472 -580 1 -96
0 2908 -16340 -5564 -577 13 -88
0 2900 -16264 -5496 -559 6 -67
0 2956 -16388 -5504 -573 10 -91
0 2920 -16332 -5616 -577 7 -101
0 2960 -16288 -5592 -574 12 -87
0 2908 -16448 -5540 -583 -5 -93
0 2956 -16372 -5320 -582 -5 -78
0 2964 -16376 -5456 -590 -2 -84
0 3108 -16332 -5548 -573 18 -88
0 2972 -16324 -5448 -577 5 -67
0 2968 -16344 -5596 -580 22 -102
0 2888 -16348 -5660 -567 3 -98
0 2984 -16328 -5628 -582 -2 -97
0 2864 -16428 -5600 -567 14 -100
0 2944 -16312 -5540 -554 1 -92
0 2900 -16440 -5480 -567 2 -109
0 2856 -16272 -5576 -572 -13 -88
0 2916 -16372 -5656 -581 -3 -100
0 3008 -16420 -5548 -562 -13 -79
0 2976 -16252 -5548 -580 10 -86
0 2960 -16308 -5616 -574 1 -93
0 2900 -16408 -5460 -579 4 -87
0 2904 -16276 -5476 -567 4 -95
0 2852 -16348 -5544 -573 -26 -71
0 2852 -16260 -5588 -577 13 -84
0 2872 -16488 -5476 -571 14 -90
0 2992 -16356 -5452 -580 16 -87
0 2888 -16424 -5520 -583 1 -94
0 2928 -16364 -5520 -571 -9 -88
0 2980 -16336 -5544 -575 14 -108
0 2932 -16288 -5540 -574 11 -91
0 2780 -16332 -5556 -577 -3 -86
0 2896 -16412 -5464 -563 18 -70
0 2932 -16292 -5572 -570 4 -70
0 2816 -16368 -5616 -565 23 -89
0 2860 -16316 -5504 -573 -4 -67
0 2808 -16348 -5620 -579 -26 -90
0 2936 -16436 -5376 -574 0 -95
0 2936 -16352 -5572 -574 4 -82
0 3008 -16352 -5424 -576 11 -100
0 2848 -16304 -5592 -564 -16 -90
0 2996 -16324 -5496 -586 3 -100
0 2824 -16292 -5760 -582 6 -91
0 2868 -16392 -5508 -583 18 -76
0 2880 -16284 -5460 -566 14 -94

0 2920 -16420 -5456 -578 53 -105
0 2928 -16376 -5576 -562 46 -74
0 2912 -16428 -5496 -585 11 -76
0 2876 -16444 -5556 -565 19 -62
0 2936 -16276 -5580 -554 -2 -90
0 3120 -16432 -5532 -552 -5 -101
0 2956 -16400 -5372 -575 -5 -98
0 2964 -16420 -5688 -568 9 -97
0 2864 -16424 -5556 -588 10 -76
0 2872 -16412 -5524 -577 0 -89
0 3020 -16368 -5436 -583 -4 -90
0 2900 -16444 -5500 -576 13 -62
0 2912 -16360 -5384 -583 16 -81
0 2932 -16412 -5328 -572 27 -93
0 2880 -16344 -5548 -576 1 -97
0 2900 -16344 -5504 -559 14 -91
0 2920 -16288 -5556 -573 31 -82
0 2940 -16384 -5472 -597 30 -92
0 2956 -16400 -5520 -582 -5 -97
0 2880 -16344 -5620 -576 8 -98
0 2984 -16336 -5520 -573 5 -95
0 2912 -16240 -5572 -589 29 -86
0 3000 -16340 -5644 -582 -3 -85
0 2984 -16424 -5632 -575 14 -89
0 2892 -16328 -5584 -570 -11 -79
0 2924 -16388 -5464 -581 -2 -79
0 2964 -16280 -5588 -573 -11 -86
0 3028 -16344 -5468 -590 -14 -93
0 2972 -16380 -5696 -580 21 -76
0 2944 -16364 -5388 -577 9 -84
0 2988 -16424 -5480 -574 13 -102
0 2996 -16328 -5384 -559 15 -96
0 3052 -16268 -5612 -583 4 -94
0 2980 -16380 -5620 -580 28 -103
0 2960 -16356 -5516 -591 1 -109
0 2908 -16320 -5564 -585 4 -88
0 2964 -16268 -5392 -585 15 -96
0 2948 -16360 -5352 -578 5 -91
0 2976 -16340 -5564 -569 -19 -97
0 2880 -16412 -5608 -568 -5 -91
0 2920 -16368 -5492 -570 -28 -103
0 3024 -16424 -5644 -576 4 -81
0 2856 -16400 -5312 -570 6 -93
0 2984 -16404 -5576 -563 7 -105
0 2920 -16396 -5668 -571 8 -83
0 2912 -16404 -5612 -562 15 -73
0 2820 -16456 -5568 -578 18 -74
0 2796 -16384 -5628 -576 3 -91
0 2928 -16380 -5540 -568 -10 -88
0 2868 -16344 -5480 -559 9 -92
0 2892 -16372 -5548 -562 7 -70
0 3056 -16400 -5548 -560 11 -97
0 2944 -16372 -5660 -572 4 -78
0 2944 -16308 -5636 -576 10 -82
0 2844 -16280 -5500 -581 -5 -99
0 2948 -16368 -5408 -596 -10 -93
0 2864 -16284 -5672 -595 7 -85
0 3084 -16324 -5436 -591 -6 -91
0 2960 -16388 -5652 -565 2 -93
0 3048 -16428 -5644 -595 -1 -87
0 2948 -16416 -5644 -591 25 -85
0 2888 -16368 -5516 -577 7 -76
0 2928 -16284 -5500 -576 19 -64
0 2836 -16400 -5504 -570 8 -89
0 2984 -16296 -5600 -576 -3 -91
0 2860 -16376 -5608 -570 1 -93
0 3008 -16396 -5584 -588 9 -86
0 2864 -16448 -5516 -555 8 -66
0 2968 -16408 -5552 -569 7 -76
0 2968 -16400 -5568 -577 4 -67
0 2900 -16336 -5532 -584 10 -63
0 2924 -16328 -5420 -570 7 -82
0 2880 -16296 -5532 -561 -5 -104
0 2928 -16384 -5564 -581 -25 -95
0 2868 -16440 -5476 -568 -2 -81

0 2716 -16504 -5660 -538 -8 -105
0 2680 -16304 -5596 -577 -47 -99
0 2888 -16344 -5340 -599 -30 -77
0 2852 -16320 -5524 -584 -3 -99
0 2956 -16508 -5568 -552 7 -105
0 2912 -16404 -5600 -555 -3 -89
0 3044 -16332 -5504 -574 6 -88
0 3056 -16328 -5532 -586 32 -74
0 2928 -16228 -5600 -581 16 -82
0 2960 -16384 -5608 -577 -10 -92
0 3032 -16336 -5416 -552 -2 -78
0 2984 -16476 -5592 -578 0 -101
0 2976 -16368 -5620 -574 -10 -86
0 2888 -16364 -5440 -577 -2 -80
0 2960 -16336 -5604 -561 19 -72
0 2944 -16412 -5692 -568 6 -111
0 2892 -16376 -5492 -582 15 -87
0 2936 -16392 -5540 -579 -10 -85
0 2904 -16320 -5528 -580 1 -96
0 2956 -16356 -5628 -586 13 -91
0 2956 -16332 -5432 -582 17 -80
0 2868 -16344 -5656 -578 1 -91
0 2844 -16376 -5424 -593 8 -87
0 2992 -16316 -5584 -578 24 -88
0 3060 -16284 -5464 -587 12 -79
0 2896 -16288 -5464 -581 -11 -87
0 2912 -16424 -5644 -601 31 -69
0 2884 -16368 -5408 -544 -2 -92
0 2896 -16380 -5476 -577 16 -90
0 2896 -16308 -5640 -562 -5 -92
0 2992 -16332 -5540 -579 20 -91
0 2940 -16312 -5488 -606 0 -90
0 2984 -16376 -5532 -576 5 -93
0 2892 -16332 -5560 -580 -2 -75
0 2960 -16328 -5640 -565 -8 -85
0 2960 -16276 -5452 -555 -4 -91
0 2888 -16348 -5504 -572 12 -88
0 2880 -16320 -5452 -572 4 -98
0 2972 -16364 -5556 -579 -5 -100
0 2920 -16212 -5448 -591 -12 -86
0 2828 -16428 -5748 -575 2 -85
0 2976 -16356 -5752 -578 -1 -64
0 3012 -16356 -5580 -581 7 -76
0 2932 -16316 -5568 -589 -5 -100
0 3028 -16328 -5532 -575 14 -88
0 2936 -16316 -5584 -573 -15 -83
0 2900 -16336 -5616 -567 22 -101
0 2992 -16416 -5568 -552 0 -81
0 2928 -16452 -5540 -567 0 -87
0 2912 -16388 -5508 -577 -15 -69
0 2924 -16408 -5588 -585 15 -82
0 2880 -16356 -5572 -572 6 -93
0 2936 -16380 -5612 -591 -2 -95
0 2804 -16352 -5636 -578 -5 -79
0 2992 -16424 -5452 -583 6 -81
0 2988 -16340 -5476 -567 30 -90
0 2976 -16424 -5444 -576 -3 -120
0 2980 -16360 -5392 -578 -18 -91
0 3036 -16324 -5512 -582 2 -88
0 2996 -16368 -5624 -571 -14 -92
0 2976 -16448 -5532 -563 -6 -107
0 2860 -16364 -5520 -560 4 -83
0 2960 -16308 -5572 -583 22 -78
0 2892 -16436 -5540 -570 5 -95
0 2912 -16372 -5432 -576 2 -90
0 2924 -16276 -5392 -577 12 -87
0 2960 -16320 -5640 -556 -7 -79
0 2916 -16420 -5660 -566 20 -88
0 3036 -16352 -5456 -586 -4 -88
0 2952 -16384 -5508 -588 -1 -92
0 2852 -16400 -5484 -567 19 -108
0 2892 -16304 -5512 -590 14 -92
0 3028 -16524 -5464 -571 9 -90
0 3052 -16344 -5548 -580 4 -77
0 2876 -16288 -5528 -573 6 -83

0 2564 -16684 -5692 -514 -42 -127
0 2628 -16284 -5584 -549 -46 -120
0 3144 -16308 -5624 -622 -29 -82
0 2936 -16340 -5392 -576 -14 -85
0 2952 -16380 -5572 -565 -17 -89
0 3044 -16400 -5636 -563 8 -111
0 3040 -16404 -5572 -562 5 -60
0 2908 -16300 -5540 -583 11 -74
0 2884 -16376 -5532 -584 -2 -81
0 2952 -16308 -5532 -594 -11 -101
0 2928 -16460 -5400 -562 -1 -88
0 2996 -16460 -5388 -587 -5 -68
0 2856 -16328 -5544 -581 -11 -79
0 2964 -16320 -5532 -583 -13 -96
0 2936 -16328 -5616 -563 -9 -82
0 2992 -16300 -5628 -557 13 -91
0 3032 -16336 -5756 -553 -12 -93
0 3000 -16324 -5512 -574 1 -87
0 2964 -16352 -5536 -553 -17 -103
0 2960 -16356 -5476 -578 12 -86
0 2824 -16460 -5528 -583 15 -89
0 3036 -16408 -5556 -595 -3 -90
0 2904 -16376 -5472 -571 -5 -109
0 2900 -16348 -5556 -573 -8 -102
0 2856 -16412 -5596 -575 9 -95
0 2944 -16372 -5504 -549 6 -95
0 2940 -16328 -5632 -590 -2 -73
0 2964 -16372 -5576 -568 13 -107
0 2952 -16456 -5492 -562 10 -95
0 2884 -16380 -5604 -588 -13 -97
0 2916 -16316 -5548 -585 -10 -87
0 2876 -16296 -5496 -581 -9 -77
0 2896 -16376 -5556 -570 1 -106
0 2848 -16400 -5592 -574 16 -90
0 2984 -16292 -5552 -583 15 -66
0 2960 -16416 -5548 -587 10 -93
0 2888 -16344 -5496 -571 -9 -77
0 2900 -16368 -5516 -564 2 -91
0 2956 -16400 -5560 -581 8 -101
0 2940 -16376 -5492 -555 -10 -107
0 3056 -16392 -5512 -571 -7 -79
0 2996 -16332 -5484 -570 11 -93
0 2956 -16388 -5592 -590 15 -90
0 2920 -16396 -5580 -576 4 -76
0 2972 -16400 -5600 -563 -6 -79
0 3056 -16260 -5500 -567 7 -86
0 2856 -16424 -5620 -558 6 -79
0 2920 -16316 -5500 -578 2 -82
0 2940 -16456 -5548 -554 0 -82
0 2916 -16368 -5572 -583 -6 -93
0 2984 -16388 -5488 -576 -19 -100
0 2916 -16356 -5652 -564 46 -99
0 2904 -16332 -5508 -592 1 -95
0 2928 -16344 -5440 -583 6 -86
0 2928 -16352 -5564 -583 -1 -88
0 2908 -16356 -5496 -557 32 -101
0 2944 -16276 -5460 -551 19 -83
0 2900 -16464 -5468 -591 -14 -86
0 2904 -16348 -5548 -589 11 -88
0 2836 -16408 -5516 -570 22 -70
0 2908 -16364 -5568 -576 -3 -82
0 3000 -16280 -5436 -585 21 -104
0 2896 -16376 -5636 -588 1 -95
0 2960 -16308 -5444 -580 -4 -86
0 3008 -16344 -5540 -583 14 -73
0 2940 -16368 -5532 -584 1 -89
0 2956 -16268 -5444 -574 14 -85
0 2932 -16328 -5716 -581 12 -58
0 2848 -16360 -5764 -582 16 -90
0 2948 -16272 -5536 -572 6 -78
0 2912 -16292 -5664 -576 6 -90
0 2876 -16356 -5600 -560 5 -99
0 2948 -16344 -5640 -577 11 -80
0 2924 -16320 -5580 -575 23 -96
0 2904 -16396 -5524 -573 9 -87

0 2676 -16276 -5692 -584 9 -129
0 2860 -16408 -5756 -588 30 -50
0 2748 -16292 -5340 -609 9 -118
0 2876 -16412 -5468 -578 -18 -83
0 2900 -16320 -5620 -575 -6 -95
0 2892 -16400 -5544 -571 12 -85
0 2856 -16268 -5528 -561 -12 -89
0 3068 -16416 -5560 -586 1 -93
0 2864 -16460 -5648 -569 0 -97
0 2896 -16396 -5520 -589 4 -77
0 2944 -16256 -5568 -585 6 -99
0 2992 -16320 -5660 -564 7 -75
0 2972 -16280 -5528 -556 11 -95
0 3080 -16360 -5500 -583 0 -87
0 2912 -16256 -5408 -583 3 -89
0 2936 -16376 -5716 -584 -11 -97
0 2944 -16336 -5740 -570 8 -77
0 2944 -16348 -5632 -572 0 -90
0 2972 -16404 -5628 -562 11 -82
0 2920 -16248 -5632 -577 -2 -79
0 2984 -16376 -5576 -574 19 -87
0 2924 -16400 -5520 -581 1 -90
0 2892 -16316 -5616 -572 23 -78
0 2964 -16340 -5600 -589 -6 -100
0 2896 -16248 -5568 -585 2 -81
0 3004 -16444 -5540 -562 28 -94
0 3028 -16296 -5608 -589 13 -79
0 2920 -16356 -5440 -563 29 -100
0 2872 -16444 -5684 -569 11 -84
0 2980 -16328 -5580 -575 9 -96
0 2944 -16412 -5540 -585 6 -114
0 3004 -16304 -5500 -573 0 -97
0 2980 -16328 -5544 -571 8 -89
0 2952 -16344 -5572 -567 -12 -107
0 3004 -16272 -5476 -568 8 -103
0 2896 -16420 -5556 -570 5 -89
0 2848 -16420 -5656 -587 -28 -87
0 3012 -16328 -5612 -578 14 -75
0 2880 -16392 -5544 -586 20 -67
0 2916 -16432 -5652 -603 9 -89
0 2880 -16372 -5564 -590 24 -71
0 2936 -16320 -5444 -576 -14 -85
0 2868 -16404 -5636 -562 3 -83
0 2884 -16376 -5640 -600 16 -90
0 2872 -16336 -5532 -599 19 -73
0 2884 -16380 -5708 -574 19 -75
0 2912 -16364 -5632 -571 -5 -76
0 2872 -16272 -5484 -555 23 -86
0 2920 -16420 -5572 -577 18 -76
0 2972 -16428 -5588 -597 -9 -112
0 2908 -16372 -5648 -537 9 -91
0 2972 -16420 -5500 -569 13 -74
0 2968 -16336 -5564 -584 16 -84
0 2888 -16316 -5580 -581 -17 -77
0 2896 -16300 -5600 -607 -32 -87
0 2884 -16312 -5520 -586 -10 -112
0 3012 -16388 -5628 -582 11 -91
0 2912 -16380 -5400 -580 0 -59
0 2872 -16312 -5568 -568 7 -75
0 2940 -16388 -5580 -584 -6 -102
0 2964 -16252 -5704 -578 -6 -104
0 2980 -16404 -5468 -567 -22 -100
0 2908 -16388 -5620 -570 3 -84
0 2880 -16348 -5552 -569 9 -77
0 2896 -16224 -5492 -584 10 -98
0 2892 -16420 -5524 -571 -17 -100
0 2928 -16368 -5396 -557 13 -105
0 2900 -16368 -5556 -595 2 -84
0 2916 -16328 -5520 -580 -19 -101
0 3048 -16352 -5620 -557 -6 -67
0 2884 -16308 -5468 -584 21 -94
0 2876 -16328 -5624 -585 -2 -97
0 2932 -16400 -5536 -572 18 -122
0 2848 -16364 -5776 -583 24 -94
0 2968 -16316 -5464 -586 10 -93

0 3208 -16656 -5424 -579 42 -90
0 2988 -16244 -5548 -554 22 -83
0 3012 -16388 -5704 -602 7 -77
0 2948 -16352 -5660 -581 19 -76
0 2948 -16360 -5508 -567 -3 -85
0 3024 -16268 -5444 -576 -14 -94
0 3020 -16384 -5544 -576 -9 -96
0 2848 -16344 -5640 -570 13 -92
0 2896 -16372 -5444 -590 -10 -82
0 3048 -16268 -5548 -573 13 -98
0 2924 -16240 -5552 -581 -17 -88
0 2940 -16292 -5616 -579 3 -92
0 2956 -16328 -5596 -579 -12 -81
0 2980 -16432 -5608 -575 6 -88
0 2944 -16352 -5620 -587 2 -94
0 2920 -16356 -5588 -568 6 -90
0 2860 -16296 -5532 -599 -2 -88
0 3012 -16364 -5712 -569 3 -76
0 2936 -16460 -5648 -587 -6 -92
0 2904 -16292 -5516 -599 22 -96
0 2960 -16468 -5536 -600 -8 -59
0 2896 -16424 -5456 -580 -28 -83
0 2972 -16360 -5440 -582 7 -84
0 2928 -16332 -5644 -574 -8 -98
0 2952 -16344 -5584 -595 -7 -80
0 2808 -16356 -5484 -594 10 -115
0 2912 -16408 -5564 -590 24 -98
0 2868 -16212 -5588 -586 2 -82
0 2852 -16308 -5604 -579 4 -60
0 2936 -16420 -5604 -570 -17 -78
0 2960 -16356 -5564 -579 -1 -99
0 3012 -16360 -5600 -570 6 -69
0 2976 -16248 -5584 -583 -3 -109
0 2984 -16412 -5544 -579 -20 -83
0 3004 -16312 -5560 -574 8 -110
0 2916 -16248 -5528 -577 -17 -96
0 2936 -16352 -5616 -589 1 -85
0 2976 -16360 -5472 -589 -9 -89
0 2948 -16476 -5532 -566 6 -82
0 2932 -16376 -5440 -580 12 -66
0 2912 -16372 -5460 -574 7 -82
0 3492 -16284 -5464 -639 -57 -77
0 3296 -16292 -5624 -599 69 -66
0 3092 -16420 -5620 -560 62 -58
0 2740 -16340 -5420 -580 -6 -96
0 2832 -16356 -5408 -575 -18 -95
0 2972 -16336 -5520 -572 9 -93
0 3028 -16328 -5656 -582 2 -109
0 2916 -16356 -5660 -579 -5 -67
0 3040 -16292 -5612 -583 18 -89
0 2908 -16268 -5504 -591 39 -89
0 2904 -16288 -5656 -575 14 -104
0 2908 -16336 -5528 -562 -4 -90
0 2828 -16288 -5504 -581 7 -107
0 2948 -16424 -5428 -590 5 -79
0 2896 -16340 -5460 -592 -7 -89
0 2924 -16392 -5500 -572 6 -83
0 2876 -16412 -5484 -574 3 -83
0 2884 -16352 -5616 -584 -26 -93
0 2876 -16304 -5444 -575 18 -102
0 2940 -16360 -5544 -578 6 -98
0 2876 -16320 -5532 -582 8 -94
0 2984 -16332 -5544 -566 25 -87
0 2888 -16304 -5476 -572 7 -82
0 2944 -16312 -5448 -579 -7 -73
0 2884 -16400 -5540 -584 -2 -75
0 2924 -16368 -5512 -570 1 -78
0 2964 -16296 -5620 -577 -20 -111
0 2960 -16484 -5516 -577 -14 -93
0 2888 -16372 -5516 -558 1 -91
0 2960 -16280 -5680 -559 -20 -94
0 2968 -16432 -5644 -577 12 -98
0 2952 -16316 -5440 -565 16 -91
0 2904 -16412 -5476 -577 1 -73
0 2916 -16432 -5408 -585 6 -86

0 2864 -16476 -5452 -571 43 -78
0 3040 -16412 -5692 -582 -18 -87
0 2916 -16392 -5664 -572 32 -83
0 2892 -16412 -5568 -604 9 -83
0 2968 -16468 -5416 -595 -22 -88
0 2960 -16436 -5476 -581 21 -105
0 3000 -16312 -5440 -572 -6 -88
0 3016 -16316 -5492 -570 10 -76
0 2920 -16368 -5628 -591 5 -84
0 2940 -16380 -5488 -586 -11 -83
0 2964 -16408 -5532 -593 -12 -79
0 2856 -16304 -5408 -589 -20 -104
0 2916 -16384 -5492 -583 3 -88
0 2944 -16280 -5556 -581 -20 -71
0 2856 -16432 -5496 -598 7 -72
0 2884 -16360 -5652 -583 1 -92
0 2860 -16448 -5496 -586 19 -97
0 2936 -16284 -5656 -581 6 -70
0 2956 -16332 -5508 -599 10 -93
0 2872 -16368 -5476 -574 -4 -72
0 2860 -16336 -5460 -578 -1 -82
0 2976 -16360 -5596 -580 13 -92
0 2852 -16316 -5664 -591 0 -93
0 2936 -16328 -5704 -583 -1 -93
0 2944 -16364 -5488 -572 1 -73
0 2872 -16336 -5532 -587 15 -96
0 2932 -16364 -5548 -576 12 -92
0 2928 -16348 -5528 -594 3 -81
0 3020 -16372 -5448 -573 -2 -76
0 2960 -16268 -5572 -574 26 -74
0 2824 -16328 -5488 -576 13 -90
0 2824 -16312 -5568 -576 -4 -111
0 2864 -16356 -5544 -587 -10 -91
0 2932 -16372 -5452 -561 6 -99
0 2996 -16376 -5540 -593 -2 -64
0 2928 -16356 -5520 -562 -2 -87
0 2920 -16280 -5636 -606 -4 -86
0 2940 -16288 -5604 -577 11 -98
0 2948 -16420 -5536 -571 -15 -92
0 2852 -16504 -5508 -571 -5 -116
0 2912 -16340 -5620 -583 -8 -97
0 2952 -16360 -5688 -582 -16 -94
0 2916 -16328 -5568 -579 4 -91
0 2872 -16400 -5584 -583 10 -93
0 2832 -16388 -5652 -586 5 -83
0 2968 -16336 -5660 -585 10 -84
0 3000 -16344 -5504 -589 18 -87
0 2860 -16376 -5608 -590 -4 -94
0 2980 -16388 -5680 -582 -8 -69
0 2936 -16292 -5696 -578 -21 -106
0 2972 -16360 -5424 -584 1 -95
0 2896 -16348 -5552 -579 2 -86
0 3056 -16516 -5600 -576 6 -73
0 2892 -16332 -5584 -600 21 -76
0 3036 -16512 -5460 -590 -10 -92
0 2996 -16400 -5560 -597 2 -106
0 3000 -16436 -5632 -574 2 -90
0 2788 -16316 -5492 -584 -11 -95
0 2848 -16424 -5656 -581 -6 -94
0 3004 -16348 -5472 -581 33 -82
0 2888 -16400 -5504 -574 -2 -95
0 2972 -16376 -5512 -591 -7 -93
0 2984 -16372 -5500 -580 26 -92
0 3048 -16368 -5512 -597 26 -109
0 2996 -16408 -5488 -588 3 -90
0 2968 -16384 -5668 -579 8 -78
0 2972 -16396 -5504 -586 7 -94
0 2916 -16352 -5640 -570 -21 -87
0 2904 -16400 -5548 -561 -9 -108
0 2892 -16400 -5604 -599 -20 -108
0 2908 -16400 -5556 -581 -22 -90
0 2936 -16436 -5624 -575 4 -99
0 2936 -16408 -5668 -568 -30 -98
0 2920 -16492 -5584 -598 14 -75
0 2976 -16376 -5400 -569 -6 -87

0 2804 -16528 -5504 -584 27 -101
0 2916 -16304 -5724 -587 3 -81
0 2960 -16340 -5388 -586 -6 -86
0 2900 -16280 -5576 -585 17 -83
0 2912 -16424 -5316 -562 4 -106
0 2860 -16412 -5528 -566 -8 -87
0 2860 -16312 -5680 -583 -2 -91
0 2924 -16344 -5476 -584 -19 -70
0 2916 -16384 -5716 -576 -7 -74
0 2932 -16356 -5584 -602 -18 -91
0 2944 -16388 -5360 -580 3 -75
0 2936 -16260 -5532 -591 12 -87
0 3008 -16324 -5580 -562 1 -112
0 2996 -16248 -5664 -585 6 -103
0 2840 -16372 -5668 -586 16 -96
0 3008 -16388 -5696 -580 17 -98
0 2948 -16476 -5784 -556 12 -92
0 2888 -16356 -5456 -584 11 -81
0 2908 -16364 -5572 -583 15 -93
0 2984 -16284 -5532 -584 20 -83
0 2972 -16368 -5520 -582 28 -86
0 2888 -16336 -5412 -572 7 -80
0 2920 -16288 -5580 -560 8 -88
0 3040 -16412 -5540 -576 11 -89
0 2936 -16364 -5636 -580 9 -85
0 2880 -16296 -5624 -579 1 -89
0 2980 -16328 -5504 -589 11 -94
0 3012 -16336 -5548 -575 1 -77
0 2972 -16276 -5888 -582 11 -82
0 3004 -16504 -5708 -571 23 -86
0 2836 -16284 -5480 -581 -28 -101
0 3092 -16440 -5404 -580 -9 -98
0 2852 -16252 -5616 -606 -13 -103
0 2848 -16512 -5528 -580 -8 -108
0 2940 -16308 -5576 -582 20 -107
0 2880 -16340 -5540 -567 -1 -84
0 2928 -16348 -5660 -575 11 -84
0 2940 -16424 -5532 -597 1 -106
0 2964 -16320 -5416 -587 -4 -115
0 2936 -16412 -5532 -582 -6 -90
0 2996 -16416 -5556 -573 6 -93
0 2908 -16348 -5368 -576 -1 -96
0 2892 -16444 -5772 -573 -7 -85
0 2948 -16328 -5532 -580 8 -80
0 2852 -16376 -5584 -585 33 -95
0 3040 -16436 -5528 -572 5 -93
0 3060 -16312 -5380 -578 -11 -70
0 3040 -16272 -5568 -579 34 -86
0 2940 -16512 -5660 -582 14 -82
0 2876 -16268 -5672 -573 -3 -105
0 2892 -16232 -5540 -594 -29 -95
0 2904 -16500 -5540 -605 -2 -87
0 3004 -16356 -5376 -567 -4 -122
0 2988 -16552 -5544 -582 -19 -70
0 2928 -16300 -5672 -555 -12 -106
0 2932 -16360 -5540 -609 7 -78
0 2956 -16448 -5584 -583 -5 -81
0 2952 -16308 -5528 -583 14 -80
0 2752 -16832 -5532 -537 135 -38
0 2360 -16352 -5392 -579 -24 -114
0 1968 -16772 -5732 -507 -120 -143
0 3108 -16284 -5476 -568 -37 -93
0 3108 -16376 -5532 -589 14 -77
0 2852 -16364 -5548 -593 15 -110
0 2916 -16292 -5592 -576 8 -105
0 2904 -16440 -5672 -559 22 -95
0 2900 -16340 -5592 -591 0 -86
0 3000 -16316 -5560 -561 9 -117
0 2808 -16392 -5536 -581 -11 -85
0 2804 -16416 -5684 -567 7 -71
0 2848 -16352 -5452 -577 -2 -74
0 2928 -16376 -5292 -576 6 -96
0 2828 -16368 -5568 -580 -23 -88
0 2988 -16352 -5680 -564 8 -94
0 2916 -16196 -5412 -582 -12 -72