4 392 -13616 -8988 296 -566 -973
4 332 -13872 -9944 592 -399 -491
4 476 -15240 -9156 688 -420 -460
4 344 -16616 -9052 87 -805 -1245
4 388 -15184 -10016 767 -1401 -2162
4 324 -13192 -11912 1460 -1860 -2297
4 184 -10936 -14300 581 -1802 -1882
4 208 -9404 -16288 -2505 -711 -775
4 -488 -9536 -18168 -6042 717 415
4 -332 -9888 -19704 -8616 2009 1553
4 -472 -10848 -21468 -7336 3459 2185
4 -656 -10752 -21316 -5172 4990 2293
4 -988 -9420 -21400 -3350 6414 2518
4 -1492 -7872 -20844 -3666 8271 3327
4 -1612 -7124 -19820 -4070 10206 4506
4 -2084 -7644 -17928 -4310 11768 5808
4 -2756 -8436 -14680 -3970 12841 7219
4 -2712 -10488 -10712 -2242 12856 8031
4 -2116 -12456 -8248 -2807 11556 8423
4 -1468 -13604 -7184 -2888 9912 8368
4 -1832 -14320 -5692 -1173 9355 8662
4 -1004 -15856 -3452 -127 8724 8702
4 -960 -18532 -2304 -555 7519 7979
4 1324 -21420 -10276 -3217 10253 6805
4 -64 -21164 -2640 -4199 7348 5303
4 -516 -22112 -1016 -1418 6889 3181
4 -624 -22624 3424 2265 4264 1193
4 -640 -21432 5664 1342 120 -279
4 -884 -19884 2704 1589 -3947 -1210
4 -744 -18876 -732 4994 -5834 -1719
4 -460 -18176 520 6333 -7211 -2653
4 -612 -15896 1972 3045 -9641 -3340
4 -620 -14056 -2000 1842 -10847 -3400
4 -876 -14604 -6904 2945 -11631 -2644
4 -892 -16824 -7052 5700 -11859 -2388
4 -1820 -18688 -7320 6064 -12894 -3397
4 -2848 -17264 -10636 5087 -13592 -4092
4 -2628 -16196 -12816 6943 -11972 -3794
4 -2244 -15636 -9596 7114 -11206 -3512
4 -2228 -14856 -9108 4353 -11242 -3160
4 -2436 -14924 -8828 4666 -11130 -2840
4 -2324 -14868 -7280 4874 -11831 -2175
4 -2452 -15216 -8112 5025 -13490 -1497
4 -3040 -15824 -10668 6360 -13905 -700
4 -3528 -16912 -11852 6936 -13377 -282
4 -3164 -16552 -11784 4878 -12614 -155
4 -3276 -16480 -12648 2970 -11686 131
4 -3160 -16804 -13104 1215 -11153 111
4 -3372 -17556 -15600 26 -10414 -297
4 -3252 -17160 -17180 245 -8765 -739
4 -3876 -16828 -17688 -771 -6793 -1020
4 -3732 -16012 -18636 -3724 -4594 -1045
4 -3888 -16760 -19380 -3348 -2441 -1173
4 -4272 -16044 -18024 -3746 23 -1297
4 -4136 -14740 -16984 -2117 1243 -1519
4 -4656 -13792 -16484 -1231 2631 -1587
4 -5176 -13252 -15940 -1651 3577 -1277
4 -4572 -11772 -15824 -1958 4215 -521
4 -4736 -11832 -17184 672 5420 -133
4 -5224 -11264 -16532 2572 6923 380
4 -5740 -11888 -15660 1605 8332 888
4 -5872 -12288 -14948 -492 9821 916
4 -5484 -10952 -13860 -1069 10803 1318
4 -5000 -10148 -13444 -1432 11502 2653
4 -4976 -11408 -12668 -963 12347 3758
4 -4420 -12272 -12220 -1553 13093 4331
4 -4328 -12984 -12524 -1681 14163 4772
4 -4276 -13396 -10524 -1519 15591 4989
4 -4400 -14348 -8372 -1154 15840 4980
4 -4292 -14576 -6096 -2070 15806 5260
4 -3692 -14788 -4412 -1539 15161 5825
4 -3308 -16108 -3520 -345 14461 6408
4 -3200 -18404 -392 1845 13788 6365
4 -2492 -19720 3116 1423 11642 5470
4 -1992 -20260 3580 364 9177 4685

4 644 -16688 -1344 -325 -635 -998
4 608 -16892 -2208 -312 -1070 -879
4 680 -16808 -2968 83 -1006 -821
4 584 -16952 -3776 293 -854 -737
4 132 -17412 -5076 760 -507 -881
4 116 -17112 -5880 -73 66 -1178
4 152 -16192 -7332 -1095 606 -1210
4 684 -15688 -8744 -626 1625 -1096
4 532 -15308 -8688 -370 2527 -873
4 260 -15324 -9324 -1684 3318 -368
4 -72 -16144 -9836 -2785 4489 68
4 -416 -17652 -10112 -2656 5909 60
4 -580 -18240 -9108 -2332 7240 -597
4 -496 -18260 -7508 -2453 7984 -1180
4 -780 -18436 -6236 -3804 8276 -1654
4 -764 -17640 -6008 -5151 8672 -1965
4 -480 -16528 -6192 -4890 9268 -1734
4 -152 -16384 -5272 -4001 10180 -1238
4 -228 -17160 -3996 -4295 10686 -1088
4 124 -17388 -2680 -5556 11146 -1349
4 548 -17256 -1476 -6786 11168 -1540
4 1020 -16788 -592 -6120 10920 -1437
4 956 -16848 368 -5440 10599 -1478
4 936 -16376 1680 -5730 10028 -1403
4 980 -15844 3584 -5255 9166 -1350
4 1244 -14996 5552 -4154 7738 -951
4 1120 -15092 6772 -3637 5632 -547
4 1440 -14416 6868 -1343 3591 -497
4 2164 -12448 7076 81 1889 -216
4 2392 -11708 7420 677 -21 579
4 2188 -11272 6636 476 -1935 1530
4 2008 -11104 5012 1715 -3067 2379
4 1868 -12228 5828 4117 -3270 2485
4 1992 -12904 8920 3642 -5287 2330
4 1304 -12768 8560 2273 -8480 2718
4 472 -12328 4924 4402 -10602 3630
4 112 -12856 4084 8011 -11418 4917
4 -300 -13564 4924 8000 -13153 6668
4 -1580 -17244 2460 7330 -14754 8118
4 -2524 -20392 -4 7935 -15519 8190
4 -2876 -21268 -1792 8294 -15429 8055
4 -3592 -22172 -2716 7380 -14581 7572
4 -3932 -22788 -3248 5093 -13830 6879
4 -3600 -23196 -4128 2732 -13855 6161
4 -4020 -23576 -5440 2508 -12698 4813
4 -4008 -22412 -5212 1777 -11839 3684
4 -4020 -20796 -5764 -194 -11375 3258
4 -3680 -19768 -8236 -837 -10326 3184
4 -3392 -19444 -9112 -51 -8610 2980
4 -3428 -19396 -8872 -295 -7104 2624
4 -3656 -19624 -9080 -841 -5964 2260
4 -3432 -19360 -9904 -1525 -4829 1930
4 -3772 -20220 -11104 -592 -3368 1444
4 -3900 -21140 -12792 -900 -1143 567
4 -4252 -21072 -11452 -2003 282 -819
4 -4464 -20892 -11560 -2118 1922 -1918
4 -4588 -20352 -11600 -953 3389 -2876
4 -4656 -19776 -10552 -521 4848 -3478
4 -5080 -19172 -10196 -1035 5970 -3983
4 -4840 -17736 -10828 -556 7253 -4101
4 -4304 -16144 -9688 1139 8669 -4120
4 -4488 -15816 -8336 1710 9863 -3858
4 -5132 -16180 -7228 721 10899 -3765
4 -5072 -16144 -6180 -89 11723 -4004
4 -4664 -15428 -5208 -215 12304 -4296
4 -4064 -13596 -4384 -765 12669 -3735
4 -3620 -13532 -3964 -1085 13108 -2818
4 -3400 -14388 -3792 -743 14080 -1986
4 -3464 -16204 -1740 304 15125 -1643
4 -2552 -16720 1384 486 15526 -1898
4 -2184 -17584 3940 330 14986 -2290
4 -2356 -18512 5768 -836 14331 -2686
4 -1912 -18224 8680 -1853 13349 -3122
4 -1224 -17692 10312 -608 11706 -3321
4 -732 -16752 12176 1017 9672 -2840

4 2052 -17208 -3300 -94 453 840
4 1972 -18020 -2380 -85 414 613
4 1808 -18312 -1568 -282 152 47
4 2432 -17456 -1340 -437 -189 -256
4 2736 -17180 -1780 -386 -410 -186
4 2444 -17636 -508 -874 -650 -315
4 1596 -18804 684 -1469 -1368 -1158
4 780 -18548 1464 -2457 -2652 -2183
4 -236 -17640 -48 -1455 -3729 -2886
4 -908 -16136 -2692 3604 -4929 -3368
4 -860 -13660 -7296 9577 -7005 -2544
4 -2208 -12880 -15876 9263 -8126 -739
4 -3544 -14296 -29216 -1331 -5009 2105
4 -3268 -17376 -32768 -5717 3375 4241
4 -4408 -22688 -32768 1063 13555 3428
4 -4212 -25476 -27484 3342 20722 -441
4 -5388 -24104 -18048 267 24062 -5960
4 -5604 -17844 -12104 -7628 26444 -9288
4 -6416 -11008 -7636 -16256 29807 -8893
4 -7984 -8648 1808 -18501 32767 -5694
4 -7956 -9104 19532 -13376 32767 -1805
4 -5284 -11460 32767 -9059 25990 600
4 -2688 -11480 32767 -7620 13423 1713
4 -2104 -9876 32767 -2990 1550 3434
4 -1960 -9360 32767 1663 -6469 5398
4 -1484 -10532 25368 4981 -9983 6734
4 -536 -12276 20660 7345 -12046 7453
4 188 -14404 20028 8738 -16111 8098
4 -1316 -17692 13804 10541 -20727 8451
4 -3764 -20944 6848 14447 -22663 8374
4 -5004 -23420 3292 16860 -23214 8388
4 -4332 -24552 -772 17457 -23485 8429
4 -4540 -24960 -4036 16315 -22883 8507
4 -4552 -26876 -7448 13686 -22613 8259
4 -4364 -28160 -14772 9232 -21431 7851
4 -4840 -28960 -20868 8272 -18037 6929
4 -4220 -29952 -25056 6237 -13894 6386
4 -4228 -32768 -27992 2732 -8963 4918
4 -5176 -32768 -29388 -1781 -3600 2360
4 -4908 -32768 -29488 -1147 1956 -1567
4 -6988 -32768 -26772 572 7068 -6313
4 -8848 -31348 -22700 -1350 11452 -10500
4 -10212 -25572 -19248 -2957 15518 -13341
4 -10300 -18316 -14748 -5873 17977 -14126
4 -9128 -11960 -13096 -8578 20091 -12303
4 -9068 -9300 -10836 -7594 23012 -9271
4 -7660 -8548 -5944 -6339 25177 -6118
4 -6620 -9892 -1440 -5981 26940 -3316
4 -5072 -12348 6152 -9030 28482 -1644
4 -5064 -14372 15940 -11077 29245 -1154
4 -4912 -16660 27616 -7167 26291 -1503
4 -3252 -17204 32767 -4076 18661 -1540
4 -1516 -17020 32767 -3975 7735 -1245
4 -468 -15372 29892 -1635 -598 -840
4 1064 -14212 18604 2462 -4750 -143
4 1836 -14056 10876 4891 -5873 667
4 2652 -15244 6148 4712 -6446 1400
4 3084 -16652 2752 4768 -6480 813
4 2568 -16512 420 2267 -6021 -437
4 2180 -15044 -2224 44 -5034 -905
4 1740 -14316 -3612 543 -4003 -447
4 1688 -14160 -3416 1097 -3184 596
4 1360 -15268 -3380 603 -2571 1382
4 720 -16832 -3440 -196 -1958 1671
4 244 -18388 -3220 -551 -1236 1441
4 -188 -19336 -2532 -521 -557 580
4 4 -18720 -1140 -852 -284 -257
4 444 -17400 -708 -1086 -658 -420
4 636 -16804 -1512 -762 -563 -206
4 912 -16336 -1316 661 -228 77
4 996 -16492 -680 835 17 354
4 1276 -16568 -412 808 241 475
4 1264 -16876 64 234 327 413
4 988 -16836 372 -782 350 366
4 940 -16932 660 -1121 298 422

4 1992 -16748 -4432 -152 -250 808
4 2156 -17624 -3536 223 600 653
4 1952 -18272 -1796 -139 703 92
4 1976 -17696 -1456 -354 246 -515
4 1868 -16872 -1916 -390 -49 -528
4 1984 -16704 -1972 -89 -142 -365
4 2320 -16596 -1116 -211 -547 -186
4 2264 -16652 -1396 -736 -1255 32
4 1848 -16980 -2996 -547 -1517 277
4 1524 -17672 -3640 5 -1185 258
4 1496 -18180 -3504 -332 -906 -188
4 1708 -18076 -2920 -834 -680 -760
4 1932 -17428 -2328 -604 -854 -1181
4 2564 -17032 -2324 -345 -1382 -1142
4 2632 -16324 -3248 867 -1718 -1201
4 3120 -15824 -4164 1922 -1307 -1021
4 3448 -15212 -3680 2260 -648 -877
4 2488 -15268 -3032 1295 -190 -771
4 1756 -14676 -2628 18 182 -620
4 1164 -14740 -2036 -540 451 -33
4 716 -16128 -660 7 244 234
4 72 -16600 -792 2692 -1038 -578
4 -332 -15392 -3848 6062 -3367 -638
4 -2940 -17380 -9160 2515 -4869 -749
4 -4628 -19792 -20560 -6821 -3109 -2134
4 -3436 -17092 -27992 -7436 4033 -3496
4 -2780 -15072 -23436 -6271 9575 -3301
4 -3000 -15616 -23564 -9600 11657 -2807
4 -2980 -15956 -26764 -7021 15953 -2845
4 -2276 -15044 -22752 -4381 21707 -3059
4 -2684 -15384 -15456 -7115 26219 -3301
4 -3820 -14744 -6804 -12571 29860 -3364
4 -6132 -14864 4968 -14245 31605 -2693
4 -5772 -13200 20436 -10883 29775 -1571
4 -3964 -12400 32767 -5413 22737 395
4 -832 -10112 32767 -3256 11571 2916
4 1320 -10048 32767 -2273 -461 5894
4 1072 -12232 22540 2649 -5789 7862
4 2112 -13060 18092 7531 -6465 8224
4 2200 -14116 18812 7604 -8002 8561
4 2224 -16976 17584 10283 -11369 8753
4 980 -19880 16512 16109 -15228 8495
4 -712 -22048 13444 19999 -18432 7741
4 -1956 -21476 11232 20652 -20862 6730
4 -2676 -19820 5644 16438 -22564 6936
4 -3204 -19248 -532 11752 -21596 8143
4 -3072 -20684 -3480 12803 -19607 9672
4 -3848 -25412 -2592 15452 -18607 9709
4 -4404 -26308 -4240 10843 -18890 9541
4 -5228 -29432 -9468 6439 -17890 8914
4 -4484 -31908 -13884 2067 -15229 6608
4 -4328 -31148 -18032 495 -11347 3700
4 -4056 -28964 -18948 361 -6967 1953
4 -4020 -28696 -19356 -678 -3230 667
4 -3800 -28520 -21208 -1376 696 -1134
4 -4280 -26964 -20536 76 5494 -3420
4 -5216 -23972 -17176 -421 9510 -5241
4 -6768 -21832 -12888 -2234 12509 -6306
4 -7712 -20460 -9236 -3524 14244 -6936
4 -6788 -16860 -6560 -2598 15571 -7025
4 -6396 -14700 -4544 -1116 17092 -6364
4 -5996 -14376 -1056 -3422 17907 -5310
4 -5060 -14068 1052 -5525 18508 -4474
4 -3300 -13768 3060 -5203 18918 -3330
4 -2168 -14808 7200 -3183 19094 -2920
4 -2004 -15768 11808 -4373 17942 -3272
4 -1432 -15852 13600 -6707 16064 -3369
4 -400 -15108 15244 -7006 14280 -2787
4 152 -15504 18064 -4017 11889 -2195
4 508 -16276 20436 -1491 7960 -2137
4 980 -15840 18668 -1023 4088 -2125
4 1108 -15108 15168 1122 1544 -2115
4 1808 -14264 13364 2972 -584 -1589
4 2012 -13888 10908 3714 -2595 -915
4 2064 -13824 7284 3941 -3986 -460

4 2200 -16156 -120 -388 -310 434
4 2348 -16832 -220 25 -795 311
4 1940 -17256 -440 256 -964 -49
4 1516 -17436 -628 566 -900 -643
4 1000 -17236 16 803 -1098 -1140
4 336 -16868 -480 1144 -1892 -1436
4 -288 -16392 -2136 1217 -2289 -1416
4 -28 -15724 -4340 1236 -2516 -1030
4 -348 -17436 -7100 -1649 -2742 -382
4 -316 -19936 -12252 -4600 -1731 -871
4 196 -20108 -16100 -5705 673 -2080
4 -144 -19552 -18760 -5484 3923 -3092
4 -172 -18436 -18320 -5031 7746 -3499
4 224 -17212 -15952 -5229 10496 -3602
4 -544 -16868 -14628 -5800 12816 -3471
4 -924 -16288 -12404 -5828 15291 -3536
4 -1188 -15900 -8164 -6166 17368 -3565
4 -816 -14788 -3924 -7542 18288 -3269
4 -492 -14244 -696 -9239 18295 -2477
4 -52 -13776 2176 -9199 17916 -1419
4 420 -14124 5488 -8378 16638 -290
4 1312 -14056 8324 -6254 14593 739
4 2028 -14360 10760 -3662 11811 1519
4 2168 -15380 11804 -3469 8334 2372
4 3256 -16140 10500 -4515 5156 2687
4 3392 -17708 8480 -1578 3330 2324
4 3432 -18040 9956 927 1467 1666
4 3296 -17528 8884 2531 -950 1115
4 2988 -17028 7556 4628 -2309 806
4 2928 -15816 7168 4883 -3254 458
4 2680 -14768 7176 4177 -4238 354
4 2396 -13288 7948 2208 -5549 518
4 2324 -11840 7272 3097 -7869 1365
4 1644 -11696 4204 7308 -9517 2731
4 364 -11368 2652 12299 -9548 3929
4 76 -11576 4900 12333 -9601 5115
4 112 -13508 6472 6782 -11265 6100
4 64 -15708 4960 4361 -13764 6335
4 -840 -17292 720 6410 -14714 6612
4 -1940 -18680 -2280 10749 -13885 7005
4 -1988 -20016 -1812 12030 -13169 7477
4 -1320 -22852 -1428 7451 -13211 7606
4 -1640 -24564 -3332 4471 -12868 5954
4 -2004 -23600 -5836 3329 -12161 4553
4 -1864 -22384 -7664 2447 -10462 4221
4 -1048 -22064 -7916 224 -9142 4728
4 -672 -23752 -9880 -109 -7883 4539
4 -760 -24132 -10448 604 -6354 3574
4 -1004 -23796 -11704 -92 -4544 2926
4 -1652 -24988 -12780 197 -2029 1752
4 -2048 -25076 -11484 -1303 273 -216
4 -2592 -24060 -10504 -3357 1868 -2276
4 -2712 -21440 -11228 -3115 3598 -3646
4 -2792 -19280 -10204 -1711 5378 -4156
4 -3652 -17704 -9288 -1997 6409 -4170
4 -3440 -16136 -8700 -3523 7649 -3818
4 -3600 -15448 -8672 -2806 9148 -3669
4 -3400 -14728 -7300 -2296 10339 -3194
4 -3460 -14708 -6476 -1690 11053 -2669
4 -3184 -14632 -5792 -1980 12055 -2099
4 -2756 -14768 -4584 -2580 13291 -1523
4 -2484 -15476 -2556 -3844 14216 -1026
4 -2032 -16556 -788 -4063 14651 -754
4 -1764 -16600 856 -3586 14678 -635
4 -1460 -16136 2200 -2436 14643 -439
4 -1296 -16596 4768 -1235 14638 -189
4 -952 -16764 8424 -1972 13566 -64
4 -572 -17096 10148 -3131 11559 180
4 -192 -17580 9916 -2517 9436 200
4 288 -17732 9408 -608 7988 19
4 568 -17312 10304 389 6583 -87
4 588 -17724 10636 527 4764 -144
4 688 -17744 10484 782 2767 -508
4 772 -17620 9508 970 717 -792
4 1060 -16560 8132 1546 -1069 -1076

4 2080 -16736 -1760 1553 -2100 -1927
4 2456 -16128 -1440 1419 -1425 -1791
4 2856 -15556 -220 622 -1256 -1422
4 2300 -15740 -636 -191 -1285 -912
4 1596 -16116 -892 -206 -1144 -540
4 1428 -16600 -1028 -182 -1381 -257
4 1164 -17128 -2252 448 -1493 -126
4 512 -17632 -3804 483 -1223 -306
4 76 -17624 -4844 -929 -743 -358
4 -16 -17724 -6732 -2901 -240 -187
4 -104 -18264 -8888 -5049 309 -153
4 836 -18140 -12696 -5588 1899 -409
4 324 -18416 -14540 -3992 4509 -835
4 -260 -18468 -13412 -4460 6756 -1487
4 -1332 -18692 -14080 -7180 8695 -2295
4 -1564 -17916 -13208 -8903 11576 -3040
4 -1244 -16668 -10300 -9123 13643 -3258
4 -1328 -16248 -7444 -9730 14077 -3164
4 -1168 -15572 -6788 -9572 14233 -2837
4 -680 -14688 -5744 -8854 14989 -1972
4 -136 -14980 -3012 -9125 15373 -890
4 464 -15796 -1044 -8916 15326 -96
4 1252 -15752 1172 -7243 14655 183
4 1360 -15576 3012 -5595 13828 678
4 1628 -15796 5144 -4345 12461 1317
4 1992 -16180 6824 -3107 10443 1653
4 2348 -17240 7192 -2507 7952 1495
4 2424 -17040 7776 -1099 5604 1079
4 2960 -16400 7772 -1169 2587 984
4 3440 -16552 5712 -898 116 1231
4 3760 -17632 3200 414 -1537 1555
4 4228 -18080 1080 2636 -2195 1172
4 3848 -18800 240 4864 -2286 464
4 3792 -18168 596 6197 -2082 -466
4 3348 -17196 1236 5933 -2053 -1052
4 2780 -16156 1568 5614 -1849 -1454
4 2460 -13960 3416 5944 -1480 -1822
4 2560 -11996 6556 5908 -2656 -1579
4 2312 -10888 7496 5926 -5137 -352
4 1356 -11312 5684 9003 -7146 948
4 776 -11620 5168 12795 -7657 1939
4 664 -11676 7896 11691 -8738 2662
4 692 -11740 6736 7430 -11116 3521
4 948 -11360 2776 6722 -12389 5006
4 892 -12404 844 9619 -11914 6634
4 300 -14452 972 10562 -11381 8105
4 280 -17344 1940 9704 -11265 8726
4 180 -19180 2480 7587 -11777 8162
4 -888 -19468 1476 4538 -12917 8036
4 -1324 -20084 -2020 2843 -12873 8302
4 -1680 -20788 -3956 2908 -11623 8212
4 -1580 -21184 -4912 2962 -10203 8090
4 -1868 -22296 -4156 2047 -9493 7990
4 -2136 -24360 -5752 1141 -9062 7345
4 -2180 -24544 -7508 1405 -8009 6016
4 -1900 -24164 -8804 1617 -5769 4895
4 -2260 -24716 -7380 962 -3866 3833
4 -2764 -25556 -6988 -1869 -2550 2208
4 -2268 -24168 -7280 -1792 -1123 462
4 -2076 -22324 -6608 -827 304 -691
4 -2080 -20996 -5712 -1132 1188 -1314
4 -3016 -21020 -5792 -2461 2250 -1824
4 -3044 -19196 -5552 -3088 3412 -2275
4 -2920 -18344 -4616 -2036 4454 -2161
4 -2656 -18268 -2668 -760 4965 -2435
4 -3224 -18176 -2560 -1785 4887 -2823
4 -3588 -17660 -3984 -1946 5123 -3009
4 -3500 -17264 -4548 -15 6236 -3302
4 -3168 -16632 -3444 195 7055 -3321
4 -2640 -16420 -2896 -1237 7111 -3247
4 -2316 -16384 -5144 -1053 7813 -3259
4 -2400 -15880 -5300 132 9240 -2818
4 -2476 -16728 -4040 962 10487 -2526
4 -2372 -17052 -2056 1588 11277 -2936
4 -2280 -16104 -352 -391 11290 -3388

4 2904 -16728 -1812 548 -1312 167
4 2592 -16444 -2064 412 -1013 269
4 2516 -16640 -1748 -689 -909 499
4 2368 -17356 -2508 -1367 -799 600
4 2156 -17976 -3500 -334 -544 281
4 2204 -17980 -4068 624 -348 -141
4 2020 -17556 -4792 1059 -2 -651
4 1512 -16868 -5188 -267 437 -837
4 1604 -16444 -6196 -2778 874 -587
4 1060 -16856 -8100 -5216 1354 -486
4 1072 -16772 -11156 -5029 2519 -562
4 964 -16472 -12772 -3650 4702 -709
4 864 -16156 -12144 -2668 7058 -722
4 940 -15992 -10880 -4435 8412 -657
4 372 -16300 -11680 -7601 10037 -618
4 -92 -15988 -11388 -7736 12427 -360
4 -152 -16204 -8204 -7234 14057 2
4 456 -16888 -5616 -7374 14489 273
4 532 -17508 -4264 -7324 14595 398
4 -8 -17572 -2848 -7296 14809 533
4 -148 -17676 -908 -6810 14909 525
4 192 -17628 1780 -6846 14355 538
4 848 -16828 3288 -7596 13128 511
4 1976 -15612 3540 -6179 12125 1012
4 2500 -14932 4308 -1899 10446 1817
4 2948 -15320 5688 -69 8479 2692
4 2796 -16368 5244 -90 6114 3243
4 2844 -17832 3232 -2021 4444 3518
4 2740 -19280 1480 -1618 4065 3025
4 2328 -20928 2200 -81 3879 1878
4 2548 -20932 3932 421 2604 339
4 2648 -19528 4000 -165 613 -720
4 2828 -17944 1848 403 -469 -1045
4 2816 -16816 1340 2230 -689 -1084
4 2532 -16328 2380 3695 -1153 -1130
4 2500 -15900 3332 3710 -2093 -1340
4 2612 -14180 3044 3488 -2957 -1585
4 2484 -12212 3124 6164 -3271 -1711
4 2248 -9884 5048 8324 -4188 -1200
4 1856 -8400 6512 8168 -5876 5
4 1312 -8096 5652 9014 -7411 1572
4 904 -7976 5080 11962 -8157 3031
4 1064 -8516 6052 12651 -8460 4559
4 1244 -9612 8364 10383 -10218 6256
4 540 -11604 7108 6895 -12461 7378
4 500 -13532 3144 7158 -13524 8313
4 64 -16084 1616 9670 -12467 8215
4 -412 -17972 3248 9601 -11916 7673
4 -1432 -19228 3248 5810 -12478 7372
4 -1748 -19888 464 2989 -12614 7345
4 -2112 -22480 -2072 2778 -11297 7215
4 -2460 -24076 -1632 2432 -9940 6233
4 -2584 -24216 -1564 718 -10058 5405
4 -3060 -23868 -3680 21 -9925 4630
4 -3944 -23464 -5600 -10 -9183 4488
4 -3008 -23944 -6364 589 -8455 4275
4 -2884 -24264 -7728 1279 -7150 3310
4 -2776 -23768 -7952 849 -6027 2385
4 -2256 -22816 -8724 -1493 -4824 2162
4 -1840 -23732 -10076 -2246 -3170 1654
4 -1872 -24672 -11148 -891 -838 252
4 -2628 -23672 -9732 490 1847 -1280
4 -2468 -21396 -7212 -1528 3364 -2201
4 -2380 -20368 -6608 -2743 4108 -2727
4 -3132 -20020 -7384 -2855 5029 -3367
4 -3188 -19120 -7152 -1198 6182 -3694
4 -3160 -18340 -6284 -358 7141 -4075
4 -2584 -16772 -5868 -1443 7990 -3894
4 -3156 -16816 -6308 -3276 9399 -3563
4 -3780 -17312 -6264 -3093 11260 -3390
4 -4064 -18252 -4860 -666 13066 -3682
4 -3628 -17704 -1360 633 14047 -4569
4 -2840 -16248 -44 -620 14091 -4804
4 -2816 -14796 900 -2294 14198 -4644
4 -3196 -13800 2040 -3464 14434 -3965

4 3188 -16060 -1940 -677 11 174
4 3704 -16160 -1376 -527 -185 390
4 3620 -16240 -1676 -536 -689 583
4 3252 -16804 -2932 -370 -774 673
4 3120 -17060 -3272 35 -741 457
4 2756 -17144 -4116 235 -317 401
4 2348 -17328 -5028 61 27 405
4 2124 -17504 -5820 -243 398 259
4 1520 -18112 -6416 -2837 686 131
4 792 -18756 -8088 -6490 1193 -354
4 376 -18428 -10980 -8861 2451 -950
4 1324 -16760 -12604 -6409 4347 -1210
4 1160 -15996 -12120 -4340 5962 -973
4 968 -15888 -12244 -5586 7027 -457
4 616 -16616 -13560 -5952 8847 -365
4 580 -16380 -13464 -5598 11325 -560
4 624 -16008 -10876 -6015 13302 -444
4 564 -15900 -8876 -6378 14094 -279
4 336 -15696 -7376 -6540 14767 139
4 200 -15940 -6036 -7040 15736 520
4 404 -15960 -3196 -7082 16472 1173
4 876 -16768 504 -7994 15900 1811
4 1712 -17384 1312 -6774 14850 1849
4 2344 -16936 4188 -3851 13496 1672
4 2220 -17272 6052 -3856 11595 1496
4 2540 -17088 7384 -5513 9273 1560
4 2936 -17468 7672 -6410 7080 1471
4 3376 -17596 7584 -4044 5026 1000
4 3464 -17744 8056 -1015 2446 424
4 3596 -17180 7156 -1612 -279 172
4 3632 -16692 3936 -2308 -2231 198
4 3824 -16712 1068 -1489 -2648 157
4 4280 -17020 456 744 -2500 -334
4 4100 -16316 1340 1742 -2848 -1068
4 3604 -14960 1472 495 -3296 -1639
4 3736 -13588 1888 -953 -3126 -1708
4 3232 -12644 3180 -318 -3926 -1262
4 3532 -11524 5096 1759 -5243 -316
4 3368 -12024 4972 4853 -7038 516
4 2752 -12928 4516 7061 -7894 446
4 2700 -12816 5720 6410 -8930 508
4 872 -14352 6048 3081 -11193 1014
4 280 -14840 2948 2111 -13379 1475
4 -424 -14572 -136 4994 -14365 2624
4 -1052 -14932 -2432 6630 -15027 4340
4 -2012 -15748 -3680 7467 -14936 6105
4 -2356 -17936 -3524 6553 -15304 7518
4 -2000 -19776 -5816 5586 -16171 7896
4 -2508 -21232 -9172 5660 -15680 7791
4 -2484 -22592 -11396 5498 -14221 7615
4 -2408 -24668 -12552 5049 -12428 6462
4 -2428 -25680 -11656 2821 -10721 4336
4 -2416 -24772 -12264 -1837 -9517 2338
4 -1504 -23140 -13292 -1556 -8114 452
4 -2752 -22372 -13964 -1681 -6827 55
4 -2164 -20268 -15188 -2773 -5654 -50
4 -1720 -18512 -16368 -3230 -3190 -310
4 -1416 -17296 -16052 -3999 -65 -87
4 -1488 -17684 -13984 -5628 1830 103
4 -1752 -18356 -12088 -6177 2460 209
4 -1872 -19024 -13040 -5139 3306 -187
4 -2208 -19072 -13536 -1803 4479 -643
4 -2768 -18828 -13084 -455 5902 -1153
4 -3252 -18396 -12432 -962 6970 -1539
4 -3300 -18528 -12044 -965 8015 -2241
4 -3700 -17820 -11412 219 9093 -3155
4 -2764 -15464 -10776 974 9740 -3297
4 -2120 -13496 -10824 1388 10976 -2697
4 -1960 -12216 -9164 -484 12787 -1482
4 -2256 -12652 -6496 -2526 13945 -141
4 -2380 -13580 -4372 -3145 14505 970
4 -1844 -15792 -1872 91 14062 1304
4 -2188 -17064 -2060 -3043 13703 1753
4 -1636 -18408 -2600 -3750 13421 1442
4 -1996 -21848 -5392 -2347 15331 995

4 -972 -16664 -5484 550 -608 -815
4 -996 -16712 -4832 -47 -354 -758
4 -1548 -17736 -4896 -291 -368 -981
4 -1600 -19696 -6744 -162 -457 -1840
4 -2268 -20704 -10252 1195 -99 -3506
4 -4100 -19296 -12600 -535 1367 -5129
4 -4960 -16468 -14704 -5295 3832 -5136
4 -5356 -14652 -15760 -7391 6041 -4124
4 -4276 -12636 -15752 -6394 6852 -2519
4 -3076 -11600 -17088 -4921 7221 -732
4 -3912 -11640 -19992 -7087 8375 982
4 -4572 -11672 -24532 -9991 12163 2399
4 -5220 -13368 -24128 -5675 17987 3141
4 -4620 -14052 -15408 -2296 21789 2586
4 -4716 -14756 -8992 -6689 22941 2327
4 -5080 -14780 -6156 -9728 23572 2306
4 -5156 -14944 -2116 -7391 24997 2958
4 -4128 -17192 8724 -2534 24533 3300
4 -2900 -18900 18280 -3171 20965 2745
4 -1184 -19328 23828 -5800 14914 2292
4 -516 -19976 23876 -2664 9151 1754
4 468 -19424 25520 3086 3069 745
4 980 -18180 23292 3207 -2621 -167
4 1416 -15568 18576 4051 -6429 -867
4 1456 -14136 15792 6583 -8725 -732
4 352 -14604 16396 7846 -11469 -106
4 -64 -16144 17392 6822 -15870 94
4 -1900 -18140 12704 5761 -21103 -286
4 -4292 -17224 5288 8231 -24370 -134
4 -5624 -17704 -956 9911 -25336 1157
4 -5724 -20228 -5416 9073 -25378 2205
4 -5388 -21928 -9184 8205 -24673 2055
4 -6584 -23188 -13492 7055 -24072 1566
4 -6644 -22008 -18040 3959 -22763 1456
4 -6448 -22548 -24328 1320 -19910 1344
4 -6192 -23268 -28180 119 -16057 678
4 -5904 -22292 -31644 203 -11313 -438
4 -5764 -19948 -32160 989 -6196 -619
4 -5616 -18036 -30100 -342 -1838 -98
4 -5732 -18252 -30704 -93 1970 382
4 -6484 -18032 -29620 1628 6186 159
4 -7184 -17704 -27688 1723 10310 -386
4 -8456 -15868 -23768 734 14106 -775
4 -9252 -14672 -21100 851 17405 -771
4 -9720 -12760 -17192 3951 20482 -745
4 -9488 -11648 -11928 4388 22244 202
4 -9520 -12800 -6860 638 22698 1424
4 -8752 -13988 -5080 -3669 22893 2283
4 -8316 -15724 -2952 -3026 23891 3122
4 -6920 -17948 3376 -2052 24703 3323
4 -5796 -20248 8316 -2141 23994 2775
4 -5460 -22260 12644 -4092 22886 2162
4 -3936 -23320 18788 -4570 19963 1409
4 -2508 -23772 24108 -715 14590 60
4 -1304 -23928 24280 1119 7521 -1335
4 -4 -21244 17640 2097 2164 -2549
4 960 -18464 11320 3446 -685 -2852
4 1700 -16288 7772 2522 -2142 -2237
4 1940 -16528 3548 2216 -3143 -1593
4 2040 -17016 -144 4837 -2983 -1664
4 2024 -16804 -788 6641 -2426 -2061
4 1576 -16248 76 4764 -2633 -2345
4 516 -15380 -20 904 -2969 -2567
4 216 -14552 -1640 -1956 -3171 -2027
4 520 -14160 -2352 -846 -3503 -1250
4 564 -13848 -2872 568 -3999 -314
4 24 -15040 -5560 875 -3771 469
4 -340 -16436 -5668 1071 -2387 662
4 -248 -17704 -4512 146 -1308 131
4 -56 -17336 -3628 -372 -989 -449
4 -216 -16468 -3356 53 -801 -565
4 -84 -15908 -3016 219 -665 -238
4 -148 -16200 -2360 -23 -749 117
4 200 -16408 -2064 -239 -1053 384
4 212 -16816 -2856 600 -1046 418

4 4 -16560 -7096 -463 -715 239
4 120 -16092 -7992 -491 -425 368
4 -516 -15676 -9520 -1298 -231 565
4 -900 -15264 -11868 -1521 463 828
4 -2044 -15600 -13956 -1734 1697 1049
4 -2652 -15080 -15252 -3687 3667 1253
4 -2620 -14876 -16088 -6021 5606 1723
4 -2396 -14812 -16936 -7330 7597 2477
4 -2608 -15308 -17768 -6276 9918 2752
4 -2916 -15668 -16208 -5119 12131 2708
4 -3652 -15860 -14480 -5897 13664 2654
4 -4208 -15608 -14168 -7475 14984 2590
4 -4052 -15304 -13856 -8187 16547 2831
4 -3624 -14928 -11900 -8595 17960 3210
4 -3432 -15088 -10144 -10031 18533 3648
4 -3224 -16028 -9796 -9523 19735 4117
4 -2620 -16656 -6332 -6997 20560 4284
4 -1892 -17644 -2348 -5996 20616 4035
4 -1436 -18624 1552 -5167 20588 3517
4 -1180 -19400 7736 -2188 19546 2736
4 -92 -19816 16012 -1177 15860 1768
4 1400 -19444 20204 -1890 10112 1013
4 2152 -18432 20680 708 3893 565
4 1972 -17180 19072 4403 -1416 399
4 1384 -16596 17520 6845 -5902 452
4 1008 -16844 14940 7055 -9691 629
4 552 -17176 12492 6094 -13775 554
4 -64 -17648 8328 7697 -16508 221
4 -1460 -17876 5772 11201 -18271 -240
4 -2364 -17216 4224 11408 -19676 -339
4 -3904 -17668 2376 8354 -21255 53
4 -4664 -17616 -1076 6266 -22561 422
4 -4792 -18312 -5532 7905 -22942 950
4 -4628 -19024 -7928 10603 -22588 933
4 -5276 -18228 -8948 8846 -22565 1431
4 -6608 -19876 -13652 3613 -22214 2233
4 -5872 -20852 -18872 2185 -19696 1969
4 -5068 -20772 -21664 2644 -16273 1490
4 -5224 -21152 -22372 1311 -12841 973
4 -5352 -21628 -23264 -2176 -9906 173
4 -5120 -20612 -24376 -5721 -7089 -604
4 -5152 -19108 -26420 -4724 -4186 -1052
4 -5208 -17680 -26680 -2338 -1095 -899
4 -4868 -16276 -26172 -1338 2444 -636
4 -4732 -15392 -25876 -1874 6223 -420
4 -5104 -15532 -23248 -2468 10008 -305
4 -5876 -15236 -19724 -2876 12486 -656
4 -6272 -13704 -17304 -2648 14369 -636
4 -6776 -12144 -14996 -1773 15965 139
4 -7220 -11208 -13768 -768 17030 1409
4 -7844 -10668 -10704 -1187 18450 3065
4 -7416 -12280 -8000 -2085 18882 4572
4 -6968 -14784 -6552 -1242 18829 4995
4 -6344 -15556 -5364 -897 18677 5057
4 -6304 -16408 -4828 158 18759 5492
4 -5832 -18080 -2688 710 19237 5414
4 -4556 -19416 696 146 18964 4846
4 -3912 -20868 2140 -859 18824 4188
4 -3812 -22064 6472 -55 18375 3031
4 -3228 -22388 11044 1228 16313 1754
4 -2584 -22528 13796 1895 13180 684
4 -1456 -21724 14964 1846 9102 -230
4 -188 -20416 14164 996 5083 -715
4 480 -19536 10948 292 1798 -612
4 672 -19724 7356 1887 -187 -909
4 1304 -19864 5912 2996 -2182 -1523
4 1800 -18720 3072 3180 -4062 -2178
4 1364 -17364 -1376 3817 -4781 -2568
4 1380 -16144 -3240 3891 -4251 -2315
4 1256 -16064 -3640 2038 -3659 -2139
4 1148 -15620 -3948 254 -3376 -2333
4 776 -14360 -4944 -558 -3115 -2116
4 524 -13956 -5328 -594 -3061 -1150
4 132 -15184 -6036 -323 -2975 -350
4 116 -16184 -6700 134 -2516 -150

4 416 -16064 -6212 -624 -434 652
4 204 -16448 -6452 282 -184 908
4 -24 -17424 -5708 -389 -157 671
4 116 -17224 -5680 -1833 1 353
4 792 -17124 -4616 -1773 537 446
4 1248 -18444 -2020 -609 641 575
4 1644 -20084 1276 -981 149 524
4 1464 -22516 4208 -2305 -1161 46
4 684 -24876 5916 -3195 -3041 -1454
4 120 -25732 7956 -2873 -5325 -3950
4 192 -23880 8268 -1348 -8260 -6635
4 -476 -19792 7480 1029 -11110 -8208
4 -1572 -16384 6160 1899 -13797 -8394
4 -1968 -14008 3780 1439 -15643 -7618
4 -2660 -13036 1628 1537 -17091 -6524
4 -3504 -13428 -976 672 -18603 -5543
4 -4316 -14924 -6444 67 -19637 -5481
4 -4416 -14856 -12532 961 -19131 -5927
4 -4584 -14364 -17284 1317 -17077 -5870
4 -4476 -13520 -20128 1395 -14491 -5600
4 -4432 -12476 -21480 -745 -11564 -5027
4 -3208 -11840 -22420 -803 -8636 -3742
4 -3060 -12396 -21876 376 -6563 -2688
4 -3308 -12272 -21460 43 -4829 -1808
4 -3116 -12028 -22464 -588 -3052 -712
4 -2788 -12900 -22568 -718 -1144 467
4 -2200 -13752 -22728 -1667 694 1398
4 -1900 -14760 -24256 -2551 2820 2197
4 -2284 -16720 -25772 -1963 6005 2326
4 -2036 -18692 -24724 -2173 9583 1956
4 -624 -19444 -22000 -4775 12368 1527
4 -1240 -20320 -21016 -6155 14651 1268
4 -2408 -19516 -18912 -6375 16832 1154
4 -3348 -19760 -16312 -7079 18485 1459
4 -4300 -19924 -13928 -8517 19252 1474
4 -5276 -19784 -13860 -8569 20322 1210
4 -4992 -18108 -11540 -7991 21642 1382
4 -4240 -17648 -8144 -7688 22129 1630
4 -4040 -17508 -4452 -7437 21947 1857
4 -3608 -17160 -464 -7186 21280 1744
4 -2468 -17300 2988 -6338 19769 1690
4 -1100 -15860 9208 -5638 17046 2079
4 -196 -15592 11828 -3474 13930 3045
4 -160 -16872 14044 -3130 11698 3859
4 760 -18564 18860 -3276 8421 4059
4 1380 -20592 23144 -2303 2886 3311
4 2140 -22544 20332 -1441 -3747 1472
4 2112 -23380 18020 2175 -8274 -1463
4 1560 -21240 13788 -505 -11446 -3821
4 1612 -20212 7904 -359 -13359 -5240
4 1652 -19108 6524 1582 -14743 -6067
4 1364 -18720 2736 4504 -17024 -6689
4 116 -19012 -904 8281 -18110 -7117
4 -1708 -18868 -1780 9914 -18950 -7836
4 -2616 -17112 -3040 5524 -20902 -8158
4 -4080 -15208 -9808 1566 -21777 -7739
4 -4228 -14108 -14576 2738 -20529 -6989
4 -4124 -14920 -16648 4982 -19068 -6352
4 -3712 -14868 -17580 2910 -18644 -6048
4 -3436 -13600 -22020 784 -17074 -5815
4 -3248 -13004 -23656 879 -14295 -5326
4 -3056 -12444 -23828 -1431 -11872 -4785
4 -2044 -11588 -24968 -3238 -9827 -3891
4 -1192 -11596 -25692 -1656 -7493 -3109
4 -736 -11836 -24828 -359 -5000 -2579
4 -44 -12020 -23420 -350 -2417 -2262
4 552 -11748 -21028 -1225 -280 -2044
4 1340 -11164 -19364 -1769 1438 -1418
4 1996 -11016 -17120 -1390 2960 -825
4 2928 -10812 -15160 -1085 4521 -203
4 2808 -11548 -12720 -1382 5680 531
4 2664 -12224 -10260 -1647 6359 1056
4 3028 -13312 -7636 -1630 6219 1520
4 2936 -14356 -6364 -526 5557 1645
4 2932 -14916 -4744 -90 4531 1544

4 -676 -16368 -3960 -423 808 -5
4 -320 -16608 -3368 -1011 709 71
4 -380 -16872 -3196 -920 631 -46
4 -260 -17160 -2004 -1222 529 9
4 -232 -17740 -800 -1845 -28 -63
4 472 -17844 44 -1864 -778 -233
4 576 -18312 848 -579 -1170 -228
4 972 -18984 3468 538 -1647 -174
4 836 -19652 7032 -292 -2870 -566
4 528 -19980 8904 -2970 -4416 -1422
4 740 -18848 10224 -5551 -5922 -2102
4 -260 -19504 11004 -5799 -7798 -2730
4 -1528 -19296 12132 -4626 -10340 -3984
4 -2888 -18236 11232 -3961 -13900 -4926
4 -4404 -16344 7888 -2693 -16836 -5346
4 -6016 -15060 3576 -435 -18987 -5027
4 -6952 -15256 -1036 764 -20535 -4425
4 -4696 -15092 -5200 1929 -22406 -4311
4 -7000 -19320 -14488 5084 -21028 -4367
4 -6996 -18488 -20020 1126 -18792 -4704
4 -7204 -16708 -23528 -1393 -15628 -5262
4 -5524 -16180 -27140 -2904 -11506 -4907
4 -4704 -16864 -27476 -4428 -7585 -4296
4 -4608 -17596 -27528 -4743 -4263 -4404
4 -4076 -17196 -27036 -3430 -1904 -4560
4 -3940 -16436 -27748 -2592 385 -4393
4 -3892 -15336 -28088 -3402 3078 -3796
4 -3756 -14864 -27244 -5098 6407 -3108
4 -4116 -14848 -26284 -7158 9602 -2583
4 -3964 -13628 -23640 -8409 12468 -1601
4 -3840 -13628 -20844 -7742 14828 -198
4 -3044 -14372 -17188 -7772 16049 906
4 -2732 -16496 -15544 -8621 16940 1662
4 -3288 -17472 -16048 -8223 18607 2166
4 -4596 -19348 -14228 -6313 21586 2062
4 -4540 -20780 -7944 -7176 23261 1228
4 -2628 -20948 -4540 -10387 22754 -138
4 -1740 -17136 -3412 -10733 21218 29
4 -2744 -15352 -1212 -7558 21794 593
4 -2688 -14356 4980 -8202 20987 1734
4 -1792 -14344 11060 -10340 17376 3139
4 692 -14560 12360 -9206 12726 4625
4 1380 -17460 11648 -3928 8578 4906
4 2064 -18852 12524 -43 5513 4347
4 1916 -20276 13124 1636 3233 3182
4 1656 -21384 16252 -715 312 1881
4 2972 -23000 14720 -2944 -3011 -68
4 3196 -24024 13724 -553 -6166 -2523
4 3552 -22432 11736 2710 -8923 -4609
4 2076 -20964 9944 5283 -11431 -5689
4 1148 -19972 9360 5596 -13923 -6324
4 472 -19632 6956 5705 -16754 -6932
4 -612 -19680 1268 8738 -19295 -7327
4 -2684 -19548 -3420 15021 -20136 -7722
4 -4000 -19076 -4672 17833 -21479 -7618
4 -4052 -18168 -8388 12126 -22965 -7207
4 -4448 -17820 -15044 4129 -22218 -7053
4 -3544 -17012 -21560 2611 -19128 -7583
4 -2560 -15580 -22284 3927 -16288 -7366
4 -1928 -13548 -21944 3576 -14667 -6659
4 -1900 -13416 -23932 1820 -12616 -5507
4 -1168 -13672 -24372 -409 -9665 -4822
4 -104 -13980 -23368 -2194 -7340 -4275
4 824 -13416 -21972 -2690 -5963 -3841
4 1260 -12804 -21928 -1353 -4578 -3558
4 1700 -11888 -21808 -496 -2760 -2815
4 2676 -11640 -20252 -52 -312 -2067
4 3856 -11440 -17720 -1370 1590 -1509
4 4396 -11020 -15208 -1847 3198 -1052
4 4128 -10824 -13144 -1604 4250 -329
4 3896 -10964 -11048 -1184 4935 763
4 4232 -11904 -8752 -887 5369 1824
4 3888 -13620 -6756 -927 5371 2473
4 3884 -15336 -4780 -991 4765 2292
4 4228 -15580 -3508 -665 3194 1770

4 1732 -14100 -7924 861 -1728 -332
4 1120 -15108 -10372 2104 -1633 -252
4 -96 -15096 -12096 2314 -787 -594
4 -1064 -15308 -13588 491 758 -904
4 -1220 -15892 -13156 -2663 1901 -1777
4 -1524 -14568 -14716 -8003 2678 -2625
4 -1176 -11260 -17544 -7068 3722 -2098
4 -1848 -9972 -17696 -4075 4883 -407
4 -1996 -10280 -18296 -3341 6087 1443
4 -1864 -11008 -18084 -2037 7513 2999
4 -1944 -12476 -17024 -1118 9118 3834
4 -2412 -13796 -15532 -1415 10537 4123
4 -2380 -14368 -13812 -648 12505 4177
4 -2868 -15328 -9760 -11 13894 3921
4 -2312 -15568 -5816 -2415 14138 3916
4 -1304 -15964 -3548 -3703 13836 4163
4 -276 -16904 -1368 -2041 13165 4056
4 292 -18436 -156 -1082 12038 3630
4 784 -18408 1084 -1108 11077 2914
4 732 -19172 2196 -2069 10201 2596
4 1172 -20032 3728 -2881 8914 2046
4 1976 -20048 6028 -2500 6880 1145
4 2388 -19404 6112 -2633 3862 337
4 2612 -18520 4836 -2548 1389 50
4 1936 -17920 3700 -1174 -395 -251
4 1712 -17216 3372 -562 -1639 -280
4 1592 -17452 4320 -974 -2534 -721
4 1656 -16960 5576 -1586 -4240 -1579
4 1436 -16120 6212 -1002 -6721 -2198
4 1044 -15016 5144 786 -9929 -2183
4 -12 -14248 1804 3483 -12054 -1764
4 -524 -14248 812 6492 -12682 -1285
4 -748 -13996 2244 5100 -14190 -904
4 -1364 -13780 -428 3269 -16247 -507
4 -1660 -13532 -3952 3644 -17138 219
4 -1960 -14308 -6068 4934 -17093 821
4 -2008 -16732 -7076 4574 -17035 1123
4 -2748 -18932 -9292 2864 -17131 398
4 -3504 -18416 -12548 1655 -15955 -279
4 -3576 -17300 -15076 1168 -14585 140
4 -3428 -18416 -17196 1309 -12618 735
4 -3308 -19900 -17172 1078 -11334 622
4 -3400 -19608 -19000 294 -10199 278
4 -3480 -18148 -22792 353 -7173 399
4 -4816 -20180 -21176 1016 -4251 -657
4 -4548 -19724 -19508 -2236 -1941 -1372
4 -4092 -16904 -19176 -3118 -667 -1524
4 -4136 -14636 -19528 -571 1104 -912
4 -4204 -14000 -18260 112 2768 118
4 -4764 -14316 -18268 -273 4334 963
4 -5160 -14556 -17824 152 6358 1350
4 -5628 -15556 -16388 1100 8120 1140
4 -5800 -14992 -14888 1723 9446 461
4 -5920 -12464 -14244 2163 10727 183
4 -6112 -10788 -13244 2519 12060 853
4 -5976 -10452 -11652 2420 13074 2108
4 -4336 -8424 -8200 651 14524 3287
4 -4600 -12224 -8268 2189 15403 4510
4 -4040 -14476 -5056 2668 15908 4814
4 -4224 -17452 -3040 1315 16151 4604
4 -3848 -19140 -120 204 16005 4103
4 -2576 -21116 1924 1241 15817 3224
4 -1964 -22092 5888 1646 14996 1936
4 -1324 -21976 9488 -1346 12702 780
4 -504 -21776 10060 -1167 9573 -279
4 1040 -19332 9968 -305 6031 -767
4 1436 -17728 6708 151 3245 -702
4 1712 -16984 3736 1069 1450 -434
4 1712 -17352 1348 1786 425 -216
4 1688 -17396 244 1699 -372 -365
4 1412 -17440 -1264 2198 -844 -719
4 1060 -17024 -1844 2417 -1022 -1132
4 836 -16788 -2656 1244 -1483 -1152
4 588 -16736 -3592 831 -2009 -1060
4 216 -16612 -4772 1579 -1957 -1056

4 672 -16364 -4720 -544 -465 728
4 832 -16344 -4860 -321 -150 842
4 968 -16644 -4336 -91 140 657
4 1352 -16624 -3284 -728 234 269
4 1684 -16580 -2964 -729 702 233
4 1528 -17396 -608 -1296 1197 367
4 928 -19040 2084 -2985 845 -33
4 916 -19564 4148 -4429 -296 -788
4 944 -19000 5492 -3739 -1968 -1434
4 1024 -18008 6256 -2349 -4061 -1798
4 748 -16636 5588 -987 -6200 -1768
4 308 -15692 4940 -196 -7898 -1245
4 20 -16024 4328 -847 -9400 -883
4 56 -16604 3640 -1994 -10981 -857
4 -84 -16424 1164 -1328 -12081 -946
4 -572 -16512 -4 -254 -12688 -674
4 -1216 -16900 -800 -197 -13221 -526
4 -1952 -17616 -1908 -708 -13632 -643
4 -2180 -18716 -4112 -755 -13887 -1127
4 -2480 -18992 -5836 -408 -13852 -1834
4 -3012 -17956 -7284 1002 -13311 -2518
4 -3056 -16496 -8616 636 -12488 -2308
4 -3160 -16744 -9588 1391 -12893 -2141
4 -2656 -16584 -13576 961 -12083 -1527
4 -2740 -16820 -16008 2810 -10920 -1285
4 -2968 -16912 -17704 2706 -9043 -634
4 -3344 -18324 -19112 1386 -6887 -378
4 -3820 -20860 -21400 10 -4473 -1203
4 -3388 -21320 -21948 -663 -1332 -2577
4 -2428 -20236 -20924 -1916 1134 -3777
4 -1512 -18712 -21380 -3536 2923 -4042
4 -1404 -18052 -24144 -2070 5994 -4129
4 -1744 -18320 -23328 -177 9663 -3782
4 -1324 -19040 -19792 -216 13100 -3642
4 -1792 -20296 -16212 -2028 15592 -3706
4 -2544 -20300 -11408 -3281 16404 -4087
4 -2532 -19380 -8792 -4836 16196 -4085
4 -2176 -18356 -8708 -4629 16041 -3741
4 -1684 -17344 -8944 -3105 16496 -3058
4 -2116 -16260 -8172 -1620 17314 -2591
4 -2876 -15304 -5248 -2752 18317 -2016
4 -3088 -15512 -1628 -5284 18466 -1748
4 -1184 -14236 1080 -7313 17479 -1773
4 -616 -12188 2208 -5088 16309 -1119
4 -48 -10664 4688 -2736 15214 213
4 172 -11476 7348 -1710 13610 1807
4 1244 -13500 9856 -1931 11376 2716
4 1384 -16588 10544 -2599 9307 2471
4 2328 -18228 11380 -2821 7263 1283
4 2540 -18120 13196 -3063 4685 148
4 2812 -17596 12900 -2406 1577 -351
4 3004 -17692 11872 -809 -1021 -576
4 3300 -17976 11988 453 -3391 -806
4 2888 -18508 10700 773 -6103 -1046
4 3224 -19536 8144 2896 -7818 -1949
4 2752 -19368 7648 3577 -9314 -3086
4 1884 -18820 7156 1933 -11280 -3999
4 1916 -17356 5312 132 -13158 -4358
4 2092 -16840 2352 1677 -14160 -4513
4 1572 -15772 1336 3889 -15418 -4252
4 284 -16300 -508 4723 -16421 -3640
4 -268 -17628 -3180 5973 -16712 -3606
4 -8 -17664 -5192 5965 -17011 -3502
4 -240 -17916 -7808 7364 -16927 -3940
4 -296 -16816 -10084 6519 -16221 -3876
4 -268 -16528 -11852 2922 -15122 -3365
4 12 -16652 -14080 1484 -13738 -3396
4 656 -16420 -15440 387 -12130 -3150
4 1328 -15568 -16256 -786 -10700 -2988
4 1736 -15168 -16908 -1938 -9095 -2599
4 1880 -14848 -17284 -2205 -7223 -2325
4 2504 -14164 -17136 -2637 -5724 -1717
4 3124 -13804 -17364 -1222 -3909 -1266
4 3404 -13540 -15956 -366 -1776 -843
4 3640 -13544 -13836 -1092 -73 -532

4 184 -16276 -4452 -1505 98 589
4 212 -17272 -3536 -1513 562 659
4 244 -17488 -3032 -2348 624 390
4 152 -17320 -2720 -2303 753 302
4 296 -17556 -1704 -1325 926 298
4 352 -18268 276 -812 631 307
4 -48 -19096 1312 -1979 60 113
4 120 -19152 2844 -3404 -334 -235
4 20 -19700 3984 -4902 -701 -747
4 -140 -18916 6364 -6605 -2043 -1418
4 60 -17784 7232 -6805 -3977 -1686
4 -176 -17556 7024 -6296 -6474 -1913
4 -220 -17020 5772 -5064 -8787 -2171
4 -100 -16800 4308 -3359 -10938 -2290
4 -500 -17612 1952 -2217 -12627 -2806
4 -820 -17352 -276 -1001 -13724 -3479
4 -1400 -16164 -1916 -1547 -13911 -3706
4 -1732 -16120 -4404 -1893 -13852 -3382
4 -2360 -17128 -5928 -1712 -13088 -3639
4 -2564 -16984 -6580 -1475 -12594 -3954
4 -2876 -16468 -7304 -1029 -12776 -4075
4 -3336 -16096 -9492 -871 -12706 -3995
4 -3708 -15656 -12012 -1608 -11915 -3960
4 -4024 -14848 -14516 -1584 -10887 -3444
4 -3872 -14940 -16340 -636 -9275 -2759
4 -4420 -16044 -17748 -1163 -7544 -2443
4 -3568 -16332 -19440 -1548 -5324 -2570
4 -3236 -16640 -20752 -1444 -3012 -2949
4 -2940 -16016 -21168 -928 -720 -3015
4 -2424 -15364 -21756 -693 1481 -2811
4 -2124 -15488 -22484 -1187 4107 -2224
4 -1620 -16976 -22208 -1475 7166 -1848
4 -1648 -18080 -20200 -905 10183 -2059
4 -2156 -18492 -17780 -1967 12637 -2605
4 -3076 -17664 -15436 -3479 14709 -3280
4 -3076 -14964 -12776 -5139 15711 -2889
4 -2556 -13608 -12148 -5741 16327 -1239
4 -2024 -14040 -10676 -4225 17099 43
4 -1476 -15128 -8124 -5011 17634 868
4 -476 -15752 -6616 -6044 17452 1337
4 -8 -16732 -6140 -5537 17505 1767
4 -244 -17880 -4660 -4398 18042 1792
4 -284 -19524 -1568 -4435 18116 1185
4 -464 -18488 2244 -5621 16450 408
4 -192 -18128 2376 -4751 15343 102
4 -312 -18560 4872 -3814 14054 -126
4 484 -18464 7072 -3624 11775 -412
4 1456 -17740 8984 -3472 8979 -466
4 2172 -17916 9036 -3292 6185 -319
4 2748 -18628 9068 -2457 3929 -611
4 3356 -19116 9964 -1756 1537 -1247
4 4160 -18928 10116 -1005 -1311 -2212
4 4548 -17660 9056 -961 -4054 -2989
4 4224 -16976 7620 -270 -6232 -3375
4 4172 -16704 5972 270 -8320 -3362
4 4348 -17236 5044 1660 -10240 -3748
4 3920 -16844 3196 1525 -12125 -3977
4 2932 -17508 872 2987 -13485 -4209
4 2424 -17884 168 4194 -14746 -4523
4 1664 -17724 -2268 4950 -16194 -5074
4 1544 -16104 -5588 6030 -16206 -4679
4 1128 -16488 -6112 7157 -15524 -4016
4 444 -17112 -6104 4260 -16030 -4067
4 176 -16908 -10648 2631 -16506 -4341
4 -532 -15724 -14368 3499 -15811 -4571
4 -784 -14032 -15420 3862 -14787 -4277
4 -908 -13376 -17704 1309 -13781 -3351
4 -556 -13040 -20648 -1245 -11905 -2278
4 -60 -13924 -21556 152 -8916 -1324
4 144 -15956 -19692 548 -6472 -1316
4 744 -16740 -18568 -222 -4406 -2123
4 1360 -15612 -17272 -1441 -2395 -2961
4 1984 -14256 -16012 -1715 -647 -3115
4 2692 -12856 -13756 -805 544 -2773
4 2984 -12092 -12304 -856 1392 -2117

4 2912 -15080 -3952 122 -1141 -2453
4 3136 -14448 -4216 139 -2176 -1926
4 2740 -14320 -5712 557 -2686 -1316
4 2424 -14196 -7436 1403 -2725 -664
4 2336 -14356 -7976 1994 -2285 -179
4 2208 -14544 -8204 1047 -2083 156
4 2088 -14976 -10172 -160 -1940 619
4 1484 -16048 -12060 676 -410 469
4 864 -15756 -11972 1684 1453 144
4 696 -15636 -10372 768 2494 226
4 548 -15948 -10088 -1927 2897 171
4 -16 -15860 -11132 -3521 3365 -36
4 168 -15084 -11668 -5625 4381 -69
4 28 -14400 -12272 -6170 5153 215
4 52 -14028 -13228 -6544 5892 821
4 52 -14228 -13792 -7108 6882 1317
4 -512 -14444 -14684 -8380 8308 1396
4 -688 -14660 -14708 -8876 10478 1417
4 -284 -13752 -11604 -6837 11628 1526
4 24 -13412 -9224 -9035 11047 2286
4 204 -13432 -9968 -12052 10476 3333
4 344 -13668 -12008 -11575 11359 4382
4 1048 -14700 -10588 -7145 12993 5088
4 932 -16348 -5840 -3949 13973 5037
4 1136 -17588 -1472 -4531 13078 4464
4 1476 -17636 -332 -8556 11604 3998
4 1944 -17504 -296 -7634 10656 3976
4 1960 -18576 2460 -3583 9738 3495
4 2152 -18748 6296 -1531 7169 2785
4 2124 -18844 7752 -2306 3147 2173
4 1996 -19016 5760 -2077 -460 1527
4 1788 -18956 4176 -416 -2560 739
4 1740 -18808 4192 1313 -4643 74
4 1236 -17860 3532 2643 -7022 -565
4 660 -16740 1696 3674 -8738 -1162
4 296 -14988 648 4336 -9462 -1327
4 92 -14140 1992 4770 -10164 -1023
4 -504 -14848 2848 5447 -12289 -926
4 -1500 -14436 1544 5941 -15093 -816
4 -2136 -14124 -1988 8650 -17052 -275
4 -2372 -14956 -4720 12776 -17930 892
4 -3268 -17172 -5096 14330 -18377 1597
4 -3880 -18952 -6600 11668 -19301 1814
4 -4228 -20040 -10472 7765 -19098 1572
4 -4160 -21216 -15040 8292 -16947 642
4 -4092 -21092 -14336 8294 -14560 162
4 -4020 -20868 -14656 5265 -13790 -303
4 -3308 -20544 -17580 1583 -12019 -672
4 -3176 -19528 -20712 914 -9535 -1285
4 -3124 -18180 -21588 1873 -6513 -1294
4 -2564 -17332 -21064 982 -4399 -797
4 -3368 -17724 -22908 -2069 -2399 -255
4 -3028 -16588 -23728 -3197 306 190
4 -3928 -16284 -24360 -1744 3926 787
4 -3900 -15680 -21556 -969 6895 1585
4 -4696 -16060 -20404 -1893 8930 2094
4 -5320 -15408 -18776 -1534 11442 2068
4 -5516 -13344 -15528 -931 13657 2276
4 -6064 -12392 -12340 -506 14828 3133
4 -6100 -12116 -9728 -471 15282 4123
4 -4728 -14684 -9432 990 15281 4732
4 -5004 -13896 -6332 -3076 15419 6482
4 -4272 -16108 -5416 -1826 15947 6547
4 -3832 -19188 -3964 -1052 17129 5941
4 -3800 -22304 -40 1210 17237 3922
4 -3612 -22632 4352 -14 16568 1657
4 -3072 -20740 7364 -1759 14843 178
4 -2960 -20292 8344 -39 12520 -157
4 -1856 -20064 12140 2732 9424 -681
4 -1448 -19364 12616 2508 5131 -1178
4 -860 -17988 9544 2193 1102 -1295
4 -188 -17260 5744 2620 -1453 -1197
4 184 -16612 3164 2764 -2853 -1098
4 416 -16360 764 2877 -3887 -1013
4 360 -16020 -1248 3080 -4659 -984

4 876 -17316 -4180 -2555 199 157
4 1544 -17436 -3240 -962 669 160
4 1632 -18092 -1064 -738 666 31
4 1468 -18760 1344 -2420 -90 -395
4 2104 -18496 1800 -4407 -1104 -734
4 2764 -19288 2276 -3573 -1701 -681
4 2436 -20872 5092 -2128 -2328 -1591
4 1696 -20752 7628 -3054 -4331 -3235
4 1284 -19024 7436 -4381 -7006 -4191
4 1164 -17516 6696 -3618 -9552 -4452
4 284 -17200 4844 -970 -11906 -4574
4 -912 -16724 3884 1112 -13831 -4695
4 -1640 -16124 2248 918 -16033 -4376
4 -2580 -16436 -1432 1189 -17476 -4126
4 -3628 -16624 -4564 1137 -17805 -4155
4 -4136 -16852 -7812 265 -17849 -3831
4 -4828 -17636 -11480 992 -17142 -3972
4 -5520 -17896 -14604 1021 -15910 -4221
4 -5848 -17092 -17428 1060 -13771 -4359
4 -5464 -17124 -19336 189 -11655 -3919
4 -5612 -18424 -20676 -660 -9039 -4574
4 -5416 -17456 -22008 -2452 -6388 -5195
4 -5548 -16432 -22680 -3212 -3849 -5013
4 -5096 -15276 -23648 -3622 -1319 -4434
4 -4380 -14708 -23976 -2831 1614 -3718
4 -3296 -14204 -22332 -3625 4160 -2842
4 -2668 -15024 -22856 -4116 6516 -2296
4 -2352 -15576 -22716 -4689 9425 -1655
4 -2000 -16012 -21260 -5042 12290 -1191
4 -2520 -16736 -19720 -6056 14905 -932
4 -2928 -17320 -17424 -7091 17185 -659
4 -3016 -17204 -15180 -8451 18714 -551
4 -2904 -16828 -13860 -8993 19893 -432
4 -2860 -15640 -11768 -8664 20924 -386
4 -2164 -13764 -9700 -10105 21234 377
4 -1016 -12388 -8448 -13429 21641 1822
4 -816 -12244 -8248 -14128 23081 3647
4 -1080 -13864 -3056 -10116 23996 4783
4 -412 -15668 2868 -8819 22406 5068
4 1072 -15776 5872 -10323 19041 4915
4 1916 -15548 5500 -9447 15886 5199
4 1852 -16868 6064 -6318 13842 5966
4 2560 -18424 9508 -3192 10814 5899
4 3360 -20084 11200 -3043 6868 5329
4 3464 -22456 11196 -2080 3169 4155
4 3752 -24336 10868 203 -349 1810
4 3388 -24228 9848 1741 -3566 -755
4 3648 -21904 7984 1329 -6563 -2798
4 3724 -19820 5160 -59 -9337 -3834
4 3848 -18416 832 808 -11348 -4403
4 3524 -17900 -2256 4178 -12055 -4755
4 3636 -17620 -2368 6409 -12643 -5001
4 3208 -17268 -2672 5878 -13963 -5234
4 2720 -16548 -4820 5551 -15134 -5647
4 1704 -16296 -7040 6181 -15194 -5663
4 1140 -16216 -7656 8401 -14921 -5678
4 416 -15944 -7524 10004 -15268 -5380
4 -424 -15852 -7588 10816 -16157 -4791
4 -1364 -15908 -8716 9611 -16601 -4401
4 -1736 -16264 -10632 7534 -16795 -4170
4 -1604 -16456 -12488 5431 -16612 -3992
4 -1764 -16560 -16448 4271 -15478 -4353
4 -992 -14880 -18616 4206 -13787 -3988
4 -672 -14484 -19312 2589 -11709 -3292
4 -928 -14980 -21180 -381 -9489 -3014
4 44 -14684 -21992 -1980 -6565 -2928
4 904 -14024 -21028 -1668 -3791 -2880
4 1176 -13700 -19208 -1120 -1800 -3006
4 1672 -12252 -17384 -1110 -100 -2666
4 2640 -11604 -15588 -1693 1438 -1798
4 3272 -11668 -13224 -2717 2396 -831
4 3684 -12412 -11688 -3207 3087 -137
4 3468 -13488 -10480 -2307 3700 199
4 3776 -13748 -8100 -1184 4199 388
4 4236 -14032 -6048 -1691 3788 605

4 188 -15416 -6380 -549 1370 459
4 540 -15536 -5488 -1319 1550 738
4 848 -15748 -4828 -1533 1917 1267
4 1044 -16716 -2920 -1347 1861 1889
4 712 -18332 -1100 -1667 1421 2238
4 816 -20476 628 -2436 639 2133
4 736 -22412 2460 -3091 -528 1133
4 428 -23540 3364 -3398 -2056 -564
4 512 -22548 4324 -3291 -3509 -2336
4 -180 -21876 5180 -2706 -5210 -3938
4 -776 -20728 6172 -2739 -7275 -5366
4 -912 -19460 6336 -2819 -10195 -6599
4 -896 -17796 4368 -2414 -12681 -7296
4 -1164 -17600 2884 -1709 -14590 -7353
4 -2160 -18772 56 -762 -16757 -8094
4 -2864 -17940 -4260 248 -17963 -8994
4 -3200 -15504 -8516 438 -17372 -8942
4 -3720 -14520 -11164 265 -15785 -8259
4 -3280 -13284 -12484 548 -14216 -7509
4 -2960 -12100 -13724 1070 -13164 -6357
4 -2712 -11700 -14576 264 -11597 -4784
4 -2824 -12500 -15148 17 -10196 -3634
4 -2840 -12796 -15668 -301 -8950 -2919
4 -2716 -13108 -16344 -814 -7798 -2227
4 -2404 -13852 -17952 -735 -6252 -1880
4 -2164 -14172 -18772 233 -4052 -1686
4 -1972 -14216 -18424 -139 -1961 -1788
4 -1804 -13108 -18892 -727 -3 -1446
4 -812 -12832 -19100 -766 1918 -634
4 -464 -13436 -18908 -615 3956 254
4 352 -15340 -18092 -625 5778 984
4 520 -17088 -17660 -1021 7145 1030
4 236 -18488 -18300 -1613 8583 920
4 -28 -19084 -17644 -1955 10371 651
4 -100 -19328 -16708 -3570 11769 548
4 -436 -19960 -16796 -4443 13447 544
4 -220 -20264 -15736 -5203 15585 399
4 -144 -20848 -13392 -5339 17567 -217
4 -424 -19804 -10792 -6807 18386 -960
4 -572 -17312 -9332 -7519 18891 -956
4 -472 -15220 -7880 -7490 19451 -45
4 -488 -15232 -5504 -6925 19753 1287
4 -556 -16368 -2268 -7627 19046 2051
4 -348 -16328 220 -7575 17469 2066
4 196 -15112 -700 -6724 15903 2407
4 412 -13972 1036 -4695 15004 2996
4 344 -14060 4228 -5440 13147 3552
4 888 -14532 5312 -4911 10259 3858
4 1368 -15152 5680 -3117 7576 4138
4 2172 -17428 6152 -1471 5288 3735
4 3132 -19324 6668 -3 2985 2232
4 3608 -19444 6856 616 314 592
4 3368 -18680 6144 7 -1813 -868
4 3064 -17952 5308 -1402 -3326 -1720
4 3600 -18476 4308 -630 -4677 -2476
4 3740 -18456 5136 162 -7129 -3020
4 3652 -18728 3508 1804 -9689 -3795
4 3120 -18228 1648 3097 -11559 -4363
4 3072 -17240 80 3046 -12706 -4190
4 3168 -17980 -760 3065 -13895 -4007
4 1848 -18896 -2044 2906 -14617 -4295
4 1172 -18204 -3016 2541 -15496 -4822
4 24 -17920 -4480 1297 -16365 -5178
4 -144 -16916 -7164 692 -17181 -5198
4 -492 -16552 -10812 2937 -17429 -5166
4 -1116 -16328 -13092 3169 -17020 -5367
4 -1128 -15220 -16500 592 -15549 -5499
4 -864 -14060 -19044 594 -13162 -5285
4 -732 -13588 -19136 2385 -11232 -5033
4 -476 -12920 -19076 1354 -9515 -4567
4 -272 -12420 -19676 -134 -7658 -3777
4 128 -13012 -18748 109 -5780 -3217
4 212 -13748 -17500 -468 -4701 -3166
4 800 -12980 -17600 -672 -3893 -3264
4 1368 -11592 -17868 218 -2574 -3062

4 3320 -16408 -5308 -6631 -1813 6982
4 2476 -16808 -6056 -7314 -2603 6209
4 2080 -16272 -6820 -6726 -3030 5540
4 2136 -15720 -7816 -5786 -2833 5225
4 2292 -16368 -7700 -4975 -2359 4991
4 1804 -17216 -7404 -4110 -2544 4159
4 1664 -16456 -7536 -4219 -3097 3306
4 1728 -15760 -8828 -4776 -3114 2875
4 1712 -15560 -9356 -5545 -2521 2829
4 948 -16776 -9656 -4875 -2341 2213
4 1008 -16760 -10476 -2197 -2810 1100
4 1364 -16040 -11376 -705 -3119 378
4 1952 -15640 -12584 -1240 -2610 35
4 2196 -15276 -14092 -1414 -1687 -572
4 2228 -14196 -14236 -2285 -843 -951
4 2284 -13156 -16216 -2172 -318 -1266
4 1788 -10852 -18004 -873 524 -1255
4 948 -8712 -19992 -232 1319 -472
4 -1000 -7296 -22344 -920 2966 837
4 -3276 -7432 -24676 -3957 6069 2638
4 -4620 -7928 -24792 -4242 9629 3824
4 -4912 -9100 -23152 -3597 12535 4566
4 -4384 -9780 -21228 -3118 14430 4842
4 -3816 -10388 -19576 -4295 15919 5163
4 -3384 -10348 -18512 -5546 17222 5474
4 -2828 -10504 -16972 -5987 18409 6257
4 -1956 -11332 -15000 -4423 19413 7203
4 -1444 -13644 -12244 -2984 20400 8029
4 -1208 -16472 -7932 -2551 21752 8300
4 -796 -19564 -1972 -2478 22032 7652
4 12 -21644 3980 -2796 20330 6510
4 856 -22580 8032 -780 16788 4905
4 2172 -21836 11656 1392 12144 3320
4 2812 -20520 11768 3004 6796 1864
4 3896 -18024 10496 3984 2408 1495
4 4384 -17248 9120 4768 -752 1532
4 4412 -17128 8568 3199 -3308 1506
4 4536 -17496 6804 1929 -5555 886
4 4184 -17544 5832 1964 -7483 97
4 3572 -17688 5268 3380 -9665 -859
4 2688 -17700 3716 6601 -12151 -1899
4 1680 -17828 2448 8903 -14058 -2379
4 624 -18116 1756 7892 -16974 -2739
4 -528 -18884 -2940 6903 -18784 -3358
4 -1340 -18664 -7224 7212 -18719 -3711
4 -2100 -18176 -7244 8010 -18442 -3843
4 -2520 -17504 -7732 6287 -19237 -3549
4 -2832 -16756 -11196 4980 -20272 -3525
4 -2992 -14900 -15660 4932 -19508 -2484
4 -2968 -15372 -17520 4270 -18500 -1054
4 -2424 -16372 -20772 3084 -17321 -524
4 -2252 -16644 -24696 1927 -15386 -545
4 -2660 -15760 -28724 -36 -12007 -475
4 -2328 -14172 -30932 -351 -7204 247
4 -2300 -14520 -29016 345 -2877 939
4 -2640 -15468 -27848 -510 426 1069
4 -3120 -14796 -27452 283 3989 990
4 -3944 -13904 -24492 970 7776 1178
4 -4844 -13600 -21384 -404 10502 1498
4 -5228 -12368 -18132 -1664 12301 2009
4 -4960 -11024 -16108 -965 13682 3039
4 -4780 -10432 -14164 914 14945 4312
4 -4988 -10556 -10964 -273 15684 5734
4 -2120 -10472 -12140 -2323 16594 7836
4 -3312 -14352 -8228 1549 16644 8329
4 -2732 -16844 -5904 3279 17177 7639
4 -2876 -18740 -3344 2848 17808 6516
4 -2900 -20272 -548 1022 18177 5886
4 -2476 -22256 3920 1711 17583 5028
4 -1512 -22980 8704 1668 15080 3564
4 36 -22532 10016 1710 11299 2105
4 1036 -21360 9376 3654 7758 990
4 1840 -20076 8124 4991 5015 316
4 2220 -19392 7504 5398 2571 -273
4 2444 -18292 5676 4885 197 -927

4 -228 -16884 -12572 335 103 -1621
4 -340 -16652 -13872 1519 1278 -2166
4 -784 -15928 -14304 1969 2646 -2671
4 -1196 -14504 -14540 797 3376 -2769
4 -1192 -12912 -15264 118 4380 -2657
4 -1332 -11548 -15444 -720 5272 -2360
4 -1464 -10120 -16128 -2608 5752 -1829
4 -864 -7888 -17528 -2615 6633 -463
4 -936 -7664 -17760 -2113 7641 1374
4 -1300 -8660 -17972 -3057 8881 2945
4 -1812 -10228 -17632 -2984 10351 4088
4 -1776 -11964 -16268 -2992 11544 4731
4 -1476 -13240 -15420 -3267 12754 4870
4 -1536 -14568 -14776 -2275 14802 4544
4 -1500 -14892 -10908 -2418 16735 4432
4 -1916 -15768 -6784 -4337 17301 4568
4 -1428 -15928 -4024 -5663 16926 4865
4 -888 -16552 -1040 -3916 15817 4970
4 -420 -16724 1932 -2771 13729 5031
4 64 -16840 3496 -3237 10724 5166
4 960 -16700 3224 -3322 8144 5388
4 1348 -18424 3640 -1032 6086 5286
4 1136 -19872 4828 427 3475 4193
4 1312 -20176 4348 275 640 2985
4 1712 -20008 2520 1208 -1676 1581
4 1884 -18876 840 2124 -3316 513
4 1644 -17944 -1124 3300 -4244 -300
4 1208 -17552 -1544 4600 -4606 -1038
4 676 -16788 -1308 3039 -5128 -1616
4 512 -16268 -1280 1852 -5292 -2187
4 416 -15904 -344 1937 -5416 -2842
4 540 -15048 2164 2431 -6639 -3325
4 972 -14064 2856 3205 -9279 -3507
4 548 -13692 1448 5777 -11993 -2806
4 -476 -15008 -8 8438 -13613 -1945
4 -708 -16644 248 9553 -14774 -1640
4 -1324 -18228 -624 8872 -17019 -1898
4 -2256 -17816 -5332 5883 -17948 -2061
4 -2856 -17868 -9988 6428 -16771 -1365
4 -2848 -19196 -10132 8484 -15067 -1300
4 -3072 -19716 -8976 7275 -14792 -1356
4 -3320 -19428 -11512 2764 -14812 -1519
4 -3376 -18200 -15308 595 -13756 -1209
4 -2892 -16892 -16680 794 -11448 -437
4 -2428 -17676 -15996 659 -9817 439
4 -244 -16892 -14148 178 -8454 157
4 -1700 -18976 -18528 -925 -7071 -171
4 -2260 -17352 -20348 -1996 -4633 25
4 -1736 -17052 -19648 -1547 -1779 769
4 -1832 -18788 -17856 -749 501 734
4 -1996 -19196 -14896 -980 1824 -47
4 -2216 -18340 -13812 -2137 2365 -856
4 -2420 -16996 -15372 -1328 3054 -1259
4 -2660 -15656 -15508 686 4547 -1079
4 -2972 -15088 -15012 1029 5900 -744
4 -3136 -14976 -14084 807 7284 -712
4 -3420 -14168 -13812 -398 8633 -522
4 -3280 -13852 -13136 171 9711 -264
4 -3016 -13324 -12660 1327 10490 -3
4 -2576 -12220 -11956 1358 11402 734
4 -2820 -11164 -11272 1181 12216 1836
4 -2348 -11912 -9992 2421 13746 2953
4 -2588 -13704 -9096 1969 15299 3781
4 -2600 -16212 -6424 1976 16535 3702
4 -2328 -18020 -4008 1633 17148 3132
4 -2336 -18696 -1324 1643 17221 2285
4 -2424 -19480 2208 2269 16667 1465
4 -2060 -19524 6500 1108 14878 951
4 -960 -18904 7676 -1137 12132 972
4 -256 -19088 7356 850 9477 758
4 200 -19372 7096 3014 7017 413
4 576 -19148 6236 3134 4938 -106
4 1096 -18284 4732 3559 3231 -709
4 1284 -17068 3788 2939 1973 -928
4 1828 -16028 3352 2499 1004 -743