5 1260 -15336 -7428 -761 372 -1203
5 1080 -14588 -7596 -524 -257 -1170
5 980 -13916 -8092 -239 -714 -910
5 1028 -13376 -8600 90 -822 -541
5 980 -13192 -8596 344 -888 -211
5 808 -12412 -8848 320 -798 -68
5 528 -12032 -9484 45 -638 385
5 -76 -12052 -9448 225 -246 567
5 -1152 -11624 -9676 283 176 215
5 -1916 -10128 -9904 -231 646 46
5 -2976 -8736 -10664 -137 1457 103
5 -3200 -7184 -10780 1890 2248 127
5 -1696 -4784 -9408 2003 2901 1189
5 -1620 -4192 -9196 435 3223 3581
5 -2376 -6588 -9992 -472 3537 6280
5 -3620 -11564 -11088 848 4298 7584
5 -2940 -14488 -9276 3653 5990 7720
5 -2000 -16056 -5400 4500 6505 7532
5 -1388 -16720 -3092 1263 5326 7833
5 672 -17468 -4596 9 3391 8985
5 1368 -19452 -5824 3197 2455 9743
5 924 -22428 -5796 4325 2214 10003
5 980 -25240 -5104 3518 1376 9335
5 944 -28392 -6260 2515 116 7884
5 1208 -30924 -8900 2997 -369 5283
5 -648 -31020 -10904 2075 -533 2855
5 -1256 -29860 -12424 1088 188 452
5 -1752 -27880 -13968 -1825 1701 -1264
5 -1860 -25992 -14840 -3287 3594 -2768
5 -2260 -23668 -14200 -2821 5416 -4198
5 -2080 -21028 -12396 -2391 6420 -5017
5 -2468 -18860 -11604 -4277 6796 -5060
5 -2416 -17088 -11600 -5268 6984 -4627
5 -2536 -16868 -11428 -4291 7122 -4036
5 -2120 -16624 -11580 -3476 7683 -3764
5 -1660 -16496 -11268 -3474 8387 -3577
5 -1592 -16624 -10796 -3666 8789 -3611
5 -1160 -16180 -10664 -4176 9340 -3641
5 -812 -15852 -11076 -3670 10142 -3849
5 -596 -14736 -9832 -2609 10923 -3850
5 -760 -14552 -8596 -2174 11642 -3728
5 -708 -14172 -6844 -1679 11464 -3615
5 -96 -13480 -5292 -1969 10860 -3331
5 436 -13332 -4960 -2696 9870 -2828
5 972 -13036 -5204 -2739 9260 -2484
5 1084 -12708 -5264 -2137 9062 -2294
5 1904 -12656 -3712 -1714 8769 -2097
5 2492 -11776 -1212 -2696 7853 -1896
5 2796 -10616 664 -3787 6259 -1339
5 2888 -10328 2452 -1752 3818 -711
5 3332 -10948 1708 -371 1725 -7
5 4620 -11728 1888 1761 -384 106
5 4272 -12772 1032 1119 -2825 4
5 4196 -11760 -1208 -1475 -4230 158
5 4100 -11452 -4964 -3174 -5140 773
5 4444 -12140 -8304 -1761 -4808 1527
5 4224 -14336 -9140 782 -4354 1539
5 4328 -15672 -9712 1581 -3960 811
5 4232 -16168 -11096 576 -3128 -13
5 3604 -15428 -12112 141 -1982 -617
5 3384 -14716 -11944 638 -1150 -319
5 3204 -15052 -11488 949 -618 148
5 3024 -15664 -10560 558 -466 518
5 2740 -16448 -10208 -262 -503 471
5 2656 -16452 -10460 -596 -179 255
5 2704 -16420 -9948 -893 29 36
5 2592 -15944 -9632 -1069 50 -148
5 2368 -15808 -9368 -1885 -54 -222
5 2360 -15684 -9756 -2157 16 -224
5 2516 -15808 -9908 -426 138 -292
5 2788 -16040 -8716 427 6 -551
5 2964 -15676 -8556 -474 -465 -903
5 2852 -14908 -9680 -1355 -638 -933
5 2820 -14184 -10496 -405 -75 -755
5 2956 -14576 -9512 417 316 -369

5 -264 -16184 -8660 -594 -15 -47
5 -628 -16400 -7940 -217 208 -428
5 -468 -16164 -7444 -364 38 -642
5 -60 -15792 -7076 -290 -157 -731
5 -216 -15620 -7556 -84 -506 -668
5 -804 -15324 -7964 -272 -656 -495
5 -1116 -15524 -8640 -46 -535 -441
5 -1172 -15616 -9188 -419 -141 -572
5 -956 -15336 -9312 -555 476 -941
5 -876 -14604 -9168 -99 957 -1276
5 -1196 -13884 -9204 -256 1294 -1824
5 -1652 -12112 -9464 -320 1846 -2583
5 -1936 -9936 -9608 -650 2888 -2915
5 -844 -7136 -8668 79 3740 -2445
5 -940 -5668 -8112 3028 3954 -1560
5 -1836 -4460 -6440 4439 3555 -19
5 -2116 -4184 -5696 3723 2501 2304
5 -2048 -5096 -7044 3780 1873 4950
5 -1888 -7756 -7664 5486 2266 7194
5 -2496 -12488 -7116 5456 2728 8524
5 -3500 -17980 -7720 4667 3543 7953
5 -2864 -19500 -6976 4136 4470 7187
5 -2004 -21240 -6340 4719 4870 6865
5 -1920 -23012 -5644 4082 4755 6828
5 -1640 -25256 -5684 4718 5013 5937
5 -868 -26036 -4648 5033 5282 4531
5 -596 -25484 -2976 3637 5082 3213
5 -732 -24612 -3028 2488 4745 1955
5 196 -22528 -1956 2395 4790 813
5 416 -20228 -400 1152 3826 457
5 196 -18504 60 -935 1977 854
5 212 -17944 -1712 -959 243 1522
5 224 -18596 -3084 943 -651 1545
5 -28 -18696 -3580 764 -1198 1306
5 -288 -18736 -4320 -87 -1636 1065
5 -916 -18736 -5788 -831 -1703 908
5 -1352 -18932 -7440 -804 -1068 725
5 -1764 -20264 -7864 -299 -126 288
5 -2324 -20772 -8084 5 720 -724
5 -2544 -20144 -7976 -249 1786 -1776
5 -2544 -18848 -7456 -1280 2644 -2195
5 -2144 -17904 -6768 -1919 2677 -1996
5 -2232 -18188 -7460 -1445 2116 -1825
5 -2392 -18364 -8468 -785 2153 -1934
5 -2716 -18592 -9500 -1202 2736 -2025
5 -2744 -18372 -10232 -2504 3347 -1870
5 -2936 -18848 -11652 -2965 4210 -1514
5 -2732 -20232 -12392 -2771 5518 -1545
5 -2376 -21524 -11536 -2502 7115 -2585
5 -1912 -21072 -11336 -2937 8236 -3963
5 -2088 -21032 -11292 -3216 9716 -4707
5 -1960 -20624 -10252 -2691 10954 -5527
5 -1968 -19804 -9220 -2180 12201 -6383
5 -1408 -18368 -7072 -2886 13170 -6669
5 -1200 -17316 -5400 -4358 13170 -6649
5 -1112 -16864 -4980 -4226 13013 -6692
5 -1148 -16480 -4136 -2246 12916 -7202
5 -368 -14508 -1912 -1592 12527 -7526
5 536 -12300 -384 -3442 11561 -7280
5 1432 -10028 108 -6615 9912 -5934
5 2452 -8920 -864 -6756 8240 -3949
5 2616 -9764 -1108 -4963 7076 -2158
5 3368 -10528 736 -1341 5446 -1505
5 3124 -10580 3280 -381 2798 -926
5 3468 -10360 2980 183 131 -162
5 3832 -10532 1124 742 -1510 544
5 3908 -11128 -20 538 -2891 1241
5 3752 -12084 -2732 -2209 -3813 2134
5 4108 -13508 -5892 -2430 -3608 2296
5 4304 -15308 -8196 -170 -2725 1907
5 4176 -16420 -8236 1531 -1710 1207
5 3968 -16876 -7864 1323 -897 314
5 3968 -16308 -7636 663 -497 -217
5 3744 -15960 -7824 29 -219 -246
5 3684 -15640 -7640 -132 -41 46

5 2792 -13508 -10976 -100 193 -818
5 2700 -14172 -10868 -472 -233 -862
5 2876 -14356 -10860 -237 -667 -1112
5 3220 -14416 -10496 195 -1059 -1475
5 3320 -14112 -10528 69 -1495 -1386
5 2896 -13964 -11644 750 -1503 -1165
5 2432 -14724 -12148 292 -1148 -986
5 2492 -15276 -12596 141 -538 -1389
5 2676 -15088 -12296 -201 255 -2049
5 2664 -14076 -11300 -313 870 -2516
5 2728 -12844 -9616 -82 990 -2814
5 2788 -11388 -8196 -158 854 -2656
5 2844 -10156 -6664 -141 474 -2165
5 2680 -8504 -4480 -875 -56 -1122
5 2484 -8820 -3452 -1610 -527 98
5 2432 -10564 -1968 -2311 -1206 539
5 2436 -12292 -440 -1728 -1917 -334
5 2504 -12316 1312 -815 -3473 -1499
5 2336 -11448 2908 812 -6994 -1807
5 2144 -10972 2548 2880 -12669 -1156
5 516 -12304 -2692 4851 -17284 -1178
5 -904 -11748 -8484 3269 -18715 -433
5 -1732 -12192 -12912 4058 -17775 1091
5 -2380 -13920 -14784 6862 -16645 2214
5 -2252 -15348 -14908 7773 -15311 3005
5 -2444 -16384 -14700 5103 -14466 3219
5 -2560 -16276 -16728 1200 -13819 3640
5 -2728 -16512 -19920 3400 -12403 3885
5 -2780 -15708 -19788 5278 -10392 4629
5 -2696 -17468 -19308 3784 -7646 4969
5 -1856 -19504 -18048 955 -5832 4346
5 -1744 -21156 -17996 -1629 -4701 3032
5 -2228 -21848 -18728 -1288 -3949 1421
5 -2744 -20984 -19268 -1960 -2264 621
5 -2252 -21984 -19572 -1836 507 -140
5 -3824 -23032 -17204 -4160 2787 -755
5 -3604 -22524 -14000 -4205 3866 -2185
5 -3352 -21468 -12288 -3638 4015 -3376
5 -2976 -19308 -10304 -4279 3891 -4305
5 -2200 -17172 -9408 -4354 3423 -4712
5 -1800 -15956 -8636 -4212 2544 -4628
5 -1416 -15248 -8056 -3535 1808 -4585
5 -948 -15056 -7228 -3481 916 -4499
5 -600 -14872 -7152 -4322 -588 -4468
5 -744 -15176 -8596 -3952 -1233 -4227
5 -912 -15788 -8560 -3477 -1105 -4426
5 -724 -16024 -7880 -3593 -1487 -4852
5 -840 -16164 -8392 -4447 -2258 -5498
5 -1076 -15384 -10112 -4386 -2457 -6122
5 -752 -13816 -10840 -2713 -2281 -6357
5 -564 -13316 -10344 -2128 -2417 -6444
5 -344 -12284 -10920 -4132 -2702 -6535
5 -292 -11252 -12948 -4318 -2581 -6581
5 -144 -10312 -13056 -2817 -1951 -6145
5 -32 -9768 -12008 -2372 -1906 -5652
5 -24 -8928 -11752 -3364 -2409 -4898
5 140 -8304 -12852 -3585 -2868 -4103
5 564 -8352 -14052 -2999 -2799 -2980
5 916 -8656 -13900 -1956 -1993 -2184
5 900 -9496 -13356 -2438 -1341 -1835
5 960 -9088 -13364 -3234 -1002 -1583
5 1132 -9128 -13464 -2885 -647 -1078
5 1188 -9192 -12888 -1684 -515 -519
5 1388 -9544 -12240 -1417 -888 -54
5 1408 -9796 -12832 -1809 -1022 419
5 948 -10632 -13304 -1512 -958 835
5 1168 -11164 -12960 -822 -835 966
5 984 -11924 -12904 -1362 -929 1060
5 1008 -12120 -13544 -605 -1012 812
5 992 -12020 -13980 105 -1004 817
5 984 -12096 -13636 -354 -819 1070
5 1132 -12636 -13648 -1057 -667 1251
5 648 -13272 -14152 -959 -549 892
5 432 -13252 -14012 -756 -139 730
5 476 -13188 -14032 -444 209 656

5 1760 -13572 -10680 -440 682 -523
5 1304 -13416 -10360 -510 -192 -243
5 864 -13620 -11440 -471 -743 21
5 752 -14056 -11868 -204 -544 283
5 724 -14676 -11444 -238 -230 196
5 576 -14984 -11060 -926 -235 -94
5 216 -15052 -12080 -704 -280 -568
5 436 -14544 -11808 345 82 -844
5 716 -14324 -11344 -82 130 -1005
5 1432 -13844 -10824 -1011 -174 -979
5 1564 -13824 -11172 -832 -349 -1025
5 1244 -13620 -10952 -172 -837 -1000
5 736 -13596 -11588 -471 -1245 -1005
5 472 -13164 -12432 -692 -1223 -975
5 900 -13052 -13204 -312 -563 -609
5 1228 -13684 -12492 39 -132 -479
5 1200 -14572 -11724 -232 -126 -917
5 1064 -14052 -12496 -167 -294 -1545
5 1344 -12664 -12396 211 296 -1533
5 1988 -12720 -11412 43 930 -1047
5 2684 -12600 -9868 -860 1049 -783
5 2812 -12660 -9616 -1669 970 -344
5 1944 -12616 -9316 -2435 1167 18
5 1040 -13432 -8848 -2673 1802 261
5 352 -14248 -7276 -2446 2231 -302
5 432 -13760 -5304 -3112 2976 -1017
5 1332 -13456 -2324 -3273 2306 -1349
5 784 -12740 -804 -3030 -565 -1793
5 -244 -11088 -1772 -2201 -3361 -2086
5 516 -8948 -2508 187 -5916 -1236
5 -272 -9356 -4616 3851 -8329 -27
5 -1280 -8872 -7376 6981 -9328 566
5 -332 -6812 -7368 4921 -8869 2105
5 256 -8144 -7004 1082 -9214 4361
5 80 -12444 -7120 1178 -10981 5166
5 -808 -15344 -8616 4074 -13272 4440
5 -1692 -15960 -11340 7860 -14760 3510
5 -2608 -16940 -13708 5722 -14424 3411
5 -3300 -17732 -16540 3439 -13187 3142
5 -3704 -17868 -19256 3368 -11425 2890
5 -4184 -17652 -20372 3867 -8760 3088
5 -4052 -17688 -18956 3997 -6037 3400
5 -3612 -18152 -15976 1954 -4541 3686
5 -3256 -21752 -18376 587 -3573 2983
5 -3028 -21280 -16776 -485 -2926 2284
5 -3272 -22036 -16416 286 -2372 907
5 -3416 -22024 -15816 -477 -1246 -234
5 -3852 -21764 -14644 -2471 -263 -894
5 -4084 -21848 -14060 -3466 1275 -1639
5 -3920 -22056 -12960 -3806 2717 -3039
5 -3888 -22168 -11280 -3556 3980 -4713
5 -3684 -21288 -8872 -4540 4433 -6248
5 -3580 -19620 -6980 -5667 3828 -7404
5 -2840 -17496 -6136 -5594 2665 -8042
5 -2820 -16236 -6076 -5870 1532 -7942
5 -2348 -15736 -6128 -4788 419 -7764
5 -2152 -15624 -6044 -4624 -614 -7600
5 -1800 -15140 -5760 -3964 -1937 -7542
5 -1964 -14820 -6724 -4041 -3304 -7382
5 -1868 -14356 -8340 -4088 -4303 -7548
5 -2016 -14072 -9596 -4984 -4582 -7689
5 -1728 -13584 -10888 -4798 -4576 -8041
5 -1548 -12536 -11136 -4229 -4291 -8167
5 -1624 -11916 -11544 -4072 -4155 -8236
5 -1308 -10784 -11680 -3787 -4189 -8091
5 -1152 -9592 -11408 -3606 -4498 -7635
5 -496 -8388 -11868 -2996 -5003 -6608
5 -148 -8052 -12668 -2581 -5626 -5609
5 -60 -7368 -14972 -4244 -5732 -4399
5 -276 -7376 -17180 -4745 -4532 -3325
5 -124 -7424 -18468 -2824 -2392 -2524
5 -268 -7696 -16992 -2382 -403 -1601
5 -8 -8316 -15360 -3682 589 -934
5 196 -8708 -14960 -2923 824 -700
5 636 -8472 -14080 -1645 801 -225

5 4888 -13280 -8384 -3826 1020 -899
5 4392 -13584 -9404 -3452 1153 -639
5 4188 -13676 -9652 -3360 1925 -753
5 4104 -13644 -9380 -3473 2535 -1101
5 4136 -12460 -8556 -3000 2822 -1455
5 4036 -11372 -7696 -2111 2659 -1689
5 4020 -9620 -7188 -892 1812 -1742
5 3032 -7992 -7788 -1165 827 -1042
5 2212 -6740 -9060 -1682 544 22
5 1892 -5980 -10368 -479 1113 1171
5 876 -5284 -10148 -226 2143 2753
5 508 -5244 -10180 -21 3262 4429
5 1044 -5036 -9092 705 3636 6397
5 1440 -6752 -8640 1243 4042 8012
5 1040 -9184 -8268 384 3665 8985
5 668 -11876 -8932 273 3082 9235
5 276 -12528 -9044 2000 2930 8885
5 -124 -13056 -8712 1620 2961 9424
5 -568 -14044 -8312 183 3168 10273
5 -1076 -15644 -8060 1169 2816 10793
5 -1088 -17336 -8264 2888 2256 10604
5 244 -17476 -8232 3412 2362 10529
5 1236 -18244 -7072 3721 2868 10536
5 1028 -19916 -6200 2795 3102 10233
5 1052 -21304 -5500 2794 2169 9297
5 1208 -22156 -6220 2895 920 8386
5 1972 -22380 -7408 2875 840 7810
5 1652 -24676 -8392 2689 1288 7015
5 3012 -25180 -7444 2870 2226 4920
5 2040 -25232 -7664 3048 2866 2909
5 1788 -25308 -7532 1538 2737 1629
5 884 -25296 -9012 632 2753 145
5 1052 -23444 -8872 -275 3340 -996
5 788 -22020 -8060 -885 3629 -1654
5 744 -21220 -8088 -1566 3740 -2029
5 572 -20176 -7244 -1363 3707 -2710
5 352 -18488 -6440 -1566 3608 -3067
5 168 -16948 -5460 -2008 2813 -2871
5 340 -16892 -5532 -3063 1246 -2315
5 460 -17056 -7768 -2445 18 -2299
5 528 -17284 -10496 -1954 -96 -2226
5 500 -18164 -12160 -1849 258 -2158
5 584 -19100 -14132 -2455 1054 -2688
5 548 -18760 -16396 -4320 2819 -3043
5 596 -18096 -16848 -4758 5699 -3203
5 176 -18332 -15692 -4977 8197 -3131
5 148 -18180 -13520 -5424 9948 -3305
5 304 -17772 -11764 -5747 10751 -3402
5 668 -16812 -10408 -5220 11035 -3641
5 964 -15908 -9196 -5207 11157 -3472
5 1372 -14700 -8520 -6738 10786 -2726
5 1592 -13960 -8196 -6917 10693 -2059
5 1336 -13500 -8344 -5953 11020 -1805
5 1428 -11868 -6940 -5747 11060 -1178
5 1364 -10988 -6864 -5346 10626 -170
5 872 -11416 -6996 -4692 10280 804
5 884 -12368 -6124 -4125 9998 1200
5 1344 -12772 -5616 -4709 9665 1129
5 2144 -12664 -4960 -3799 8542 1290
5 2608 -13068 -5396 -414 6927 946
5 3212 -12300 -5460 3383 6151 384
5 3348 -11452 -3804 3610 5753 352
5 3084 -12164 -2940 -511 5115 831
5 3388 -12448 -1544 -1774 3503 1199
5 3332 -13336 -2652 -158 1015 1589
5 3528 -12864 -3448 1302 -466 1838
5 4184 -12976 -4728 -492 -1244 2400
5 4036 -14108 -6336 -1991 -1619 2600
5 3524 -15368 -8440 -1549 -1040 2330
5 3984 -16816 -9072 272 144 1566
5 3996 -17872 -7648 1280 479 607
5 3852 -17316 -6800 -45 99 -493
5 3604 -16116 -7792 -1175 -350 -909
5 3804 -15008 -8304 -602 -506 -885
5 3972 -14844 -8960 437 -332 -536

5 2328 -14616 -8856 -2099 77 -885
5 2092 -13980 -9100 -2063 -179 -761
5 1612 -13284 -9588 -904 -428 -473
5 1188 -12932 -9792 277 -647 242
5 532 -13116 -10204 859 -747 554
5 416 -12884 -10740 761 -360 563
5 832 -11308 -10504 967 72 414
5 176 -10164 -10640 641 447 494
5 -92 -8860 -10880 878 813 704
5 -136 -7748 -11524 1831 1382 1112
5 348 -6776 -11676 3477 2805 1681
5 -16 -6552 -10180 4772 4347 2685
5 -436 -7052 -7672 3553 4804 4196
5 -764 -8060 -6784 2439 4552 5882
5 -584 -9988 -6648 3243 4102 7263
5 -1276 -12844 -6316 3204 3897 8228
5 -1292 -15040 -6024 1437 3706 8511
5 -856 -17140 -6936 2143 3520 8705
5 -936 -19120 -7172 4331 3530 8372
5 -1160 -20244 -6656 4064 3563 7620
5 -1264 -20616 -7204 2683 3790 7063
5 -1208 -21032 -7420 2777 4534 6600
5 -980 -21576 -6400 3900 5259 5926
5 -872 -21920 -4840 3862 5254 5049
5 -156 -21016 -3624 2782 4379 4357
5 44 -20820 -3800 1416 3291 4175
5 844 -21216 -4832 1444 2540 4061
5 1176 -21764 -4924 2318 2191 3689
5 640 -22332 -4616 2099 1852 3004
5 72 -23424 -5024 734 1208 2134
5 -328 -23636 -6148 -137 1115 918
5 -436 -23256 -6592 -197 1573 -439
5 -748 -22056 -6436 -246 1734 -1592
5 -872 -20716 -6404 -302 1692 -2230
5 -752 -18916 -6968 -794 1653 -2459
5 -1100 -17988 -6476 -1414 1834 -2443
5 -1364 -18292 -7204 -2032 1585 -2324
5 -1304 -18380 -8144 -1721 1270 -2264
5 -1580 -19340 -9648 -1797 1216 -2071
5 -1784 -20384 -10800 -1505 1578 -2287
5 -1672 -21532 -11844 -1099 2611 -3254
5 -1740 -21288 -12020 -2425 4033 -4392
5 -1844 -20340 -11868 -3970 5648 -5240
5 -1360 -19176 -11544 -3581 7057 -5614
5 -1032 -18868 -9588 -3775 7863 -5789
5 -624 -18260 -8812 -4391 8021 -6183
5 -176 -17000 -8632 -4738 8161 -6385
5 492 -15404 -8528 -4103 8451 -6196
5 928 -14824 -7716 -3211 8563 -5618
5 1172 -14448 -7140 -3049 8222 -5164
5 1156 -13544 -7444 -3375 8021 -4830
5 1676 -12552 -7424 -4084 8405 -4124
5 1968 -12032 -7028 -4512 8903 -3245
5 2180 -12016 -6392 -4712 8915 -2662
5 2800 -11444 -6456 -4610 8775 -2108
5 3160 -11696 -6344 -3736 8653 -1536
5 3316 -11532 -5156 -1565 8093 -1105
5 3020 -11944 -5212 665 6809 -819
5 2996 -11732 -5536 836 6160 -478
5 3312 -11816 -4980 -13 6018 -36
5 3480 -12784 -5804 -219 5718 156
5 3984 -13276 -5376 191 6042 251
5 4324 -13128 -2264 -413 5429 355
5 4512 -13648 -2020 -1039 3467 492
5 4380 -13144 -2092 -1218 2004 803
5 4312 -12700 -3312 -1994 1153 1514
5 4852 -13864 -5448 -909 1511 1897
5 5100 -16004 -5688 104 1938 1805
5 5188 -18004 -6620 -109 2477 850
5 5484 -17520 -6244 112 3308 -393
5 5328 -16628 -4460 -1474 3611 -870
5 5100 -15300 -2920 -3528 2815 -766
5 4860 -14984 -3536 -2619 1176 -311
5 4956 -15072 -4512 -76 107 439
5 5024 -16488 -5148 1318 -450 673

5 2420 -15828 -9440 -818 -503 23
5 2360 -15480 -9252 -742 -242 -420
5 2284 -14708 -9256 -667 -100 -743
5 2656 -13368 -9012 515 97 -763
5 2932 -12548 -8292 916 31 -398
5 2408 -12040 -8248 678 -348 16
5 1552 -11520 -8816 723 -481 259
5 500 -11620 -9728 1190 -220 428
5 36 -11196 -9984 1912 382 463
5 292 -10628 -9528 2824 1000 830
5 128 -10476 -9396 3503 1365 1138
5 220 -10096 -8732 2402 1610 1497
5 788 -9408 -9236 2217 1876 2162
5 1224 -8736 -9176 3979 2145 3243
5 1104 -9312 -9076 5442 2539 4517
5 456 -10532 -8276 3944 2951 5900
5 12 -12004 -8428 1946 3474 7158
5 -268 -14052 -8964 2619 4049 7964
5 -516 -16296 -7868 3295 4699 8200
5 -696 -17880 -7128 3538 5091 7880
5 -1072 -18996 -6060 3504 5418 7454
5 -900 -19372 -4652 3658 5072 6862
5 -996 -19604 -3976 2772 4315 6384
5 -840 -19276 -4764 2955 3976 6024
5 -268 -18852 -4748 3595 4113 6005
5 -20 -19644 -4424 3759 4094 5950
5 -12 -20608 -3996 3876 3952 5487
5 152 -20884 -3712 2993 4044 4436
5 556 -20312 -3844 2200 4336 3811
5 1008 -19892 -2576 2398 3946 3768
5 788 -20732 -2396 2687 2879 3718
5 540 -21700 -2756 2510 1914 3287
5 740 -22592 -3432 2107 1463 2358
5 744 -22408 -4008 1401 1365 1261
5 88 -21444 -4084 524 1535 457
5 -384 -20444 -4072 338 1459 43
5 -328 -20268 -3880 861 939 -277
5 -420 -20368 -4184 223 473 -600
5 -636 -20168 -5460 194 367 -1316
5 -824 -19380 -5864 -574 369 -1413
5 -1056 -19980 -6804 -913 335 -1414
5 -932 -20388 -7680 -1411 731 -1762
5 -1048 -20224 -7920 -1912 1324 -2105
5 -1388 -20028 -8752 -2483 1949 -2381
5 -1696 -20820 -9316 -2726 2786 -2537
5 -1804 -21684 -9016 -2653 3840 -3294
5 -1596 -21380 -8304 -2994 4892 -4507
5 -1596 -20228 -7992 -3835 5455 -5363
5 -1364 -18540 -7496 -4758 6064 -5648
5 -716 -17380 -7096 -4767 6385 -5442
5 -272 -17040 -6568 -4651 6455 -5215
5 368 -16536 -6440 -4419 6413 -5179
5 832 -15724 -5976 -4084 6451 -5002
5 560 -15512 -5356 -4342 6320 -4644
5 592 -15184 -5544 -4723 6068 -4169
5 604 -15480 -5440 -4044 5896 -3785
5 996 -15696 -5228 -3639 5257 -3519
5 1028 -15992 -6652 -2872 4942 -3851
5 1128 -15504 -7228 -2408 5332 -4188
5 1260 -14580 -7520 -1157 6102 -4506
5 1656 -13596 -6352 -1565 7028 -4508
5 2164 -12168 -4604 -2882 7273 -4301
5 2716 -11160 -4364 -3274 6475 -3402
5 3068 -10996 -4788 -1843 5551 -2340
5 3552 -11288 -5224 -624 5080 -1370
5 3940 -12204 -5416 -283 4914 -752
5 3908 -12712 -5448 -152 4543 -611
5 4432 -12344 -6720 -1174 4416 -200
5 4684 -12620 -7952 -1379 5407 212
5 4804 -13140 -6464 -599 6575 550
5 5032 -13260 -4852 -215 6387 632
5 4804 -13164 -4076 -887 5096 1044
5 4440 -12900 -4908 -1078 4058 1591
5 4020 -13124 -5660 -1796 3891 2438
5 3792 -14064 -6156 -1178 4114 2994

5 3156 -12508 -8796 147 698 3490
5 3456 -12988 -7308 1143 491 3618
5 3532 -13356 -7096 802 -310 3757
5 3752 -13036 -7896 977 -639 4000
5 3324 -13608 -8188 1765 -654 4561
5 2524 -14180 -8028 2045 -768 4831
5 2092 -14156 -8592 2479 -804 4942
5 1484 -14668 -9568 2352 -242 4917
5 1256 -14788 -9752 2181 704 4657
5 1000 -14276 -9244 3089 1543 4034
5 364 -13140 -8632 3458 1729 3964
5 196 -12072 -8316 3702 1556 4617
5 56 -12652 -8872 4884 1864 5298
5 -252 -13460 -7688 5402 2653 5621
5 -376 -13752 -5760 4342 2750 5917
5 -640 -13816 -5180 2522 2183 6445
5 -1024 -14788 -6584 2199 1605 6988
5 -1224 -15392 -7816 3374 1908 7329
5 -1012 -15724 -7392 4862 3237 7573
5 -1360 -17044 -5740 4600 4166 7653
5 -764 -18252 -3936 3319 4247 7525
5 -964 -19764 -3640 2501 3580 7101
5 -1180 -20296 -4264 2584 3202 6618
5 -1080 -20808 -4188 2545 3338 6335
5 -648 -22088 -3412 1916 3043 6327
5 -604 -24208 -3752 825 2421 5737
5 -460 -25564 -4668 1294 2154 4666
5 -552 -26532 -4972 2083 2323 2702
5 -864 -26016 -5060 448 2594 702
5 -864 -24052 -5348 -1128 2856 -836
5 -668 -22000 -5188 -1896 3056 -1339
5 -512 -21492 -5244 -2747 2820 -1459
5 -556 -21360 -5644 -2940 2203 -1718
5 -896 -21792 -6828 -3379 1736 -2130
5 -1200 -22172 -9008 -3262 2097 -2941
5 -1448 -22168 -9880 -2980 3146 -3878
5 -1684 -21620 -9356 -3162 4234 -4876
5 -2056 -20796 -9952 -3937 4745 -5556
5 -1936 -19652 -10516 -2858 5860 -6031
5 -1600 -19196 -9472 -2303 7146 -6467
5 -1216 -18468 -7772 -2909 7898 -6930
5 -1032 -17244 -6880 -3275 7804 -7371
5 -740 -15396 -7028 -2543 7404 -7119
5 -440 -15036 -7252 -2246 7278 -6473
5 20 -14728 -7276 -2535 7693 -6128
5 380 -14372 -6740 -2646 8095 -6089
5 792 -13168 -6720 -2687 8158 -5854
5 1228 -12240 -6792 -2217 8211 -5021
5 1924 -11656 -6836 -1831 8214 -3998
5 2568 -11636 -6404 -1557 8397 -3051
5 3076 -12308 -5788 -1775 8344 -2326
5 3204 -12632 -6160 -2042 8014 -1843
5 3176 -12588 -7932 -285 7979 -1489
5 2944 -13008 -7728 696 9283 -1222
5 2872 -13284 -5008 157 10284 -1319
5 2836 -13060 -1780 -1489 9413 -1286
5 3144 -12684 -1408 -3086 8232 -935
5 3716 -12256 -400 -2836 6543 80
5 3592 -13016 188 -1783 4072 1146
5 3740 -13520 -2340 -579 3054 1607
5 3868 -13988 -2284 -1145 2500 2266
5 4000 -15372 -2668 -1573 2003 2430
5 4040 -16492 -2544 471 1328 1790
5 4488 -16660 -2732 1457 969 1211
5 4860 -16420 -2376 1291 767 533
5 4648 -16192 -2868 -17 391 154
5 4880 -15384 -3168 -1690 349 322
5 4944 -15568 -3884 -1978 299 581
5 5132 -16388 -3984 -12 -166 485
5 4764 -17276 -4440 1066 -500 305
5 4596 -18020 -5376 975 -807 -150
5 4452 -18072 -6812 518 -643 -627
5 4360 -17612 -7580 -93 121 -1078
5 4376 -16788 -6796 -955 968 -1237
5 4684 -16260 -5336 -1362 910 -1322

5 3244 -15220 -11640 -438 -548 -734
5 3428 -14640 -11724 -228 -78 -909
5 3732 -14108 -11004 34 301 -1101
5 4344 -13288 -9988 -112 447 -848
5 4412 -13060 -9716 163 170 -514
5 4104 -14104 -9256 478 31 -154
5 3588 -14796 -8616 551 -270 -302
5 2976 -15112 -9192 858 -317 -673
5 3060 -14716 -8392 1537 110 -952
5 3516 -14312 -6876 1239 221 -1362
5 3672 -13704 -5600 286 -70 -1616
5 3216 -13132 -5176 780 -467 -1766
5 2712 -12772 -3792 1016 -1058 -1632
5 2376 -12400 -3152 674 -2015 -1428
5 2596 -11948 -3488 1742 -3161 -1170
5 2964 -11840 -2804 3298 -4434 -636
5 3132 -11972 -2076 3757 -6173 -218
5 2704 -12712 -3100 4274 -7984 209
5 1988 -12996 -4268 4700 -8778 489
5 1880 -12964 -4196 4694 -9778 896
5 1824 -12892 -5140 6600 -11212 1398
5 1552 -13432 -6052 9090 -12102 1890
5 700 -13960 -6360 8355 -12947 2512
5 264 -14164 -8360 5622 -13298 3040
5 200 -15272 -11948 3320 -12589 3606
5 548 -15408 -13596 4522 -10411 3810
5 640 -16140 -12880 4516 -8073 4196
5 376 -16960 -10896 3198 -6923 4177
5 -88 -17280 -10972 2209 -6882 4082
5 -408 -17296 -11768 2545 -6403 4167
5 -60 -17964 -11704 2304 -5285 4211
5 72 -18680 -10560 434 -4604 3898
5 52 -18640 -10520 -905 -4557 3549
5 -372 -19120 -11452 -1293 -4638 3516
5 -3208 -21852 -14972 -101 -4958 3165
5 -1668 -22572 -14660 376 -3311 1885
5 -1604 -22200 -14288 -1241 -1257 620
5 -1480 -20704 -12380 -2268 153 -328
5 -1392 -19628 -10832 -2665 757 -940
5 -896 -18732 -9812 -2613 925 -1147
5 -780 -17768 -9640 -2206 958 -1525
5 -636 -16824 -8656 -1458 1180 -1632
5 -452 -16156 -8120 -2361 895 -1379
5 -284 -15896 -8452 -2940 519 -902
5 -120 -16016 -8540 -1555 689 -663
5 -152 -17176 -7936 -1080 610 -677
5 184 -17860 -7588 -1705 249 -1070
5 236 -17880 -8024 -1863 210 -1427
5 104 -18148 -8000 -1136 650 -1713
5 152 -18868 -6440 -2049 666 -1772
5 396 -19068 -5708 -3170 -389 -2052
5 436 -19780 -6708 -3955 -1456 -2181
5 -344 -20544 -8536 -3398 -1473 -2767
5 -116 -20516 -8788 -2744 -668 -3527
5 -60 -20388 -7080 -3500 -225 -4419
5 -28 -20012 -6484 -4823 -574 -5358
5 376 -18500 -7056 -5090 -786 -6068
5 560 -17172 -7172 -4642 -464 -6237
5 712 -16412 -5888 -4136 -540 -6309
5 920 -15684 -5424 -3636 -1441 -6389
5 1200 -15208 -5844 -3114 -2375 -6316
5 1548 -14320 -6304 -2361 -3445 -6253
5 1568 -13856 -7832 -1571 -4265 -5896
5 1468 -13740 -8596 -1222 -4446 -5558
5 1108 -13516 -9156 -1426 -4377 -5501
5 1260 -12956 -9532 -2526 -4041 -5288
5 1272 -12784 -9212 -2991 -3947 -5080
5 1016 -12648 -9180 -1976 -4313 -4875
5 828 -12220 -9680 -1138 -4655 -4591
5 1144 -11532 -9944 -1573 -4165 -4119
5 1092 -11832 -9424 -3569 -3901 -3310
5 896 -12316 -9988 -4379 -3784 -2895
5 988 -12296 -10776 -2698 -3592 -2648
5 1400 -12460 -10468 -1578 -3500 -2278
5 1564 -12760 -10260 -1838 -3673 -2129

5 6688 -13408 -8020 -3742 3581 387
5 6640 -13644 -8772 -1523 3379 763
5 7884 -11892 -6936 -1604 4156 1131
5 7440 -12188 -6724 -3559 3587 3277
5 5780 -14540 -6852 -5498 3137 4909
5 5724 -17280 -7620 -5513 2364 5241
5 5304 -20160 -8612 -4380 1202 4157
5 4804 -20480 -10896 -3403 779 2008
5 3872 -18624 -13504 -1507 1452 48
5 3044 -15704 -13936 -2084 3086 -1014
5 2120 -12692 -14068 -3891 4695 -831
5 1172 -11296 -14420 -5204 6532 131
5 1092 -10756 -13828 -4195 8194 997
5 1316 -10276 -11920 -3295 9278 1598
5 1300 -9436 -10528 -3586 9674 2189
5 700 -8260 -10120 -2392 10302 2579
5 60 -7032 -8400 -1921 10904 3264
5 1576 -4632 -6164 -2770 10561 4950
5 2900 -4684 -5556 -2217 9277 7340
5 2552 -6576 -5704 -2 7800 8992
5 2572 -6928 -4992 1110 6314 10317
5 2420 -8728 -5628 -189 5194 12221
5 2556 -12120 -6628 -1473 4917 13590
5 1980 -15836 -7224 -734 4719 13909
5 1228 -18524 -6812 190 4273 12844
5 748 -18688 -7408 183 3863 11450
5 1380 -17884 -7624 628 3680 11048
5 2192 -18444 -7612 237 3709 11257
5 2148 -20352 -7240 -936 3863 10725
5 1784 -22280 -7448 377 3438 8991
5 1820 -21304 -7356 1228 2771 7242
5 2184 -19672 -7984 1554 2333 6548
5 2704 -18968 -8148 846 2223 6825
5 2836 -20096 -8584 73 2417 6787
5 2996 -21668 -8064 114 2231 5812
5 3120 -21252 -7596 -33 1524 4232
5 2988 -21104 -9924 -561 1257 3400
5 3132 -20420 -9344 -20 1892 2598
5 3140 -20268 -8160 -567 2348 1958
5 2452 -20512 -7380 -829 1900 1101
5 2084 -20320 -8188 -472 1104 296
5 1896 -20004 -9232 163 1051 -512
5 1544 -19428 -9556 -191 1330 -1051
5 980 -19532 -9636 -987 1243 -1723
5 816 -18864 -10208 -1849 1333 -2092
5 612 -18380 -10772 -1627 1238 -2405
5 888 -17684 -10828 -1480 962 -2348
5 836 -18104 -11424 -1711 898 -2526
5 820 -18012 -12248 -2228 1346 -2674
5 908 -17904 -12332 -2733 1856 -2687
5 852 -18440 -12740 -3993 2539 -2927
5 800 -18432 -12944 -3960 2779 -3544
5 808 -18100 -13368 -2992 3181 -4185
5 856 -17240 -13304 -3719 3894 -4726
5 932 -16172 -14044 -4270 4999 -4935
5 1368 -15276 -13108 -3213 6056 -4930
5 1876 -14980 -11048 -2918 6468 -4952
5 2568 -14440 -10528 -3282 6167 -5181
5 2916 -13516 -11408 -4560 6126 -5332
5 3340 -11848 -12372 -4525 6729 -5107
5 3596 -10696 -13296 -4445 7635 -4147
5 3176 -10668 -13752 -4296 9253 -3251
5 2672 -10872 -12996 -4249 11138 -2661
5 2436 -11064 -10720 -5457 12543 -1853
5 2516 -11324 -8980 -5948 12784 -1242
5 2688 -11404 -7540 -4636 12490 -757
5 3504 -11552 -6460 -3087 11532 -232
5 4020 -11088 -4736 -2732 10047 8
5 4072 -10236 -4596 -2866 8454 376
5 4508 -9116 -4156 -2824 6838 1506
5 4352 -9924 -4008 -1439 5403 2909
5 4448 -11520 -4704 634 4271 3448
5 4524 -12556 -4720 1237 3516 3378
5 4904 -12724 -4844 1313 2751 3133
5 4988 -13332 -4844 1060 2105 3036

5 2600 -14492 -9788 914 -1287 -1654
5 2608 -13792 -9728 820 -1205 -1590
5 2492 -13276 -9528 -327 -1286 -1118
5 2236 -13084 -10320 -1017 -1300 -483
5 2116 -13332 -11312 -864 -1262 153
5 2060 -13704 -11380 -304 -809 462
5 1716 -13940 -11388 -670 -411 358
5 1852 -13344 -11304 -1263 43 133
5 1868 -11908 -10988 -542 279 -165
5 1552 -9960 -10676 -1812 212 91
5 1320 -7684 -11540 -1376 320 824
5 1136 -6676 -11440 775 616 2093
5 480 -7204 -10308 2164 726 3271
5 -140 -7748 -9788 1898 537 3982
5 -128 -7960 -11048 1623 699 4744
5 -684 -8440 -10612 2922 1275 5847
5 -1228 -9768 -10140 3706 1481 6893
5 -996 -10844 -9212 4168 1367 7709
5 -1156 -12660 -9752 4058 1463 8275
5 -764 -14332 -8816 3794 1984 8437
5 -1020 -15324 -8136 3666 1666 8384
5 -1184 -15636 -8820 3587 1286 8472
5 -1844 -16608 -9624 4354 1688 8737
5 -1252 -18000 -8812 4990 2604 8707
5 -876 -19744 -7584 3955 3022 8475
5 -1104 -21420 -7044 3686 2497 7585
5 -956 -22576 -7672 3942 2298 6313
5 -228 -22792 -6940 3733 2539 5320
5 -96 -23044 -6020 2370 2309 4458
5 -320 -23272 -6180 1210 1416 3685
5 -460 -23740 -7076 1192 690 2838
5 -408 -24264 -7676 284 516 1954
5 -892 -24832 -8316 -797 702 415
5 -1340 -24764 -8884 -1012 1247 -1496
5 -1784 -23376 -8968 -1378 1377 -3038
5 -1624 -20900 -8960 -1734 1310 -3796
5 -1284 -19480 -9492 -2003 1157 -4084
5 -956 -18468 -10512 -2367 1288 -4057
5 -1168 -18208 -11440 -2277 1378 -4032
5 -1320 -18440 -12472 -2485 1767 -3918
5 -1420 -18860 -13452 -2591 2740 -4180
5 -1432 -19084 -13544 -3733 3931 -4641
5 -1532 -18960 -13936 -3878 5069 -5288
5 -1524 -18068 -13528 -3481 6096 -5776
5 -1340 -16968 -12768 -3734 7003 -6080
5 -956 -15964 -12224 -4365 7645 -6006
5 -504 -15592 -11280 -4452 8194 -5838
5 -388 -15032 -10720 -4089 8547 -6157
5 16 -13532 -10240 -4336 8820 -5985
5 540 -11952 -9900 -4041 8939 -5253
5 664 -11636 -10004 -3426 8909 -4312
5 1080 -11192 -9640 -2931 9320 -3701
5 1428 -10412 -9072 -3535 9688 -3155
5 1856 -9376 -8644 -4275 9752 -2120
5 2084 -9312 -8944 -3669 9846 -1047
5 2376 -9796 -8212 -3032 9891 -204
5 2792 -9768 -7604 -2700 9762 355
5 3260 -9548 -6524 -2137 9390 1094
5 3432 -10372 -4544 -665 8256 1569
5 3340 -11432 -4120 -701 6915 1925
5 3728 -11612 -4260 -280 5932 2229
5 3864 -11840 -3544 -99 4716 2775
5 4000 -13752 -5168 -441 3786 3069
5 4380 -13972 -6080 -759 3619 2950
5 4684 -14272 -5192 -340 3271 3101
5 4892 -15652 -3680 336 2116 2960
5 4544 -16312 -3420 1203 388 2529
5 4640 -16372 -3984 1546 -1039 2347
5 4204 -17896 -6880 2741 -2081 1791
5 3776 -17960 -8484 -13 -1200 1297
5 3952 -17700 -9196 -1190 209 624
5 3644 -18324 -7760 -385 1098 -8
5 4044 -17560 -5952 -626 414 -778
5 4668 -16700 -6864 -437 -334 -1210
5 4704 -16080 -8156 673 -392 -1493

5 2768 -15980 -6992 -878 -1097 -709
5 2888 -16000 -7792 46 -903 -530
5 2684 -16280 -7424 -170 -542 -520
5 2744 -16868 -7400 -607 -362 -526
5 2608 -17200 -7592 -662 -169 -775
5 2348 -17652 -8228 -657 248 -1360
5 2240 -17348 -7980 -454 893 -1988
5 1924 -16488 -7092 -709 1218 -2545
5 1608 -14692 -7292 -2133 1302 -3053
5 1340 -12856 -8136 -4211 1858 -3520
5 -384 -10100 -9172 -4966 3254 -5213
5 -3004 -4156 -10204 -2061 3916 -7554
5 -5832 3832 -9848 1031 2978 -7730
5 -7564 11296 -8588 -3764 1697 -3520
5 -7596 13908 -13484 -6201 2220 5266
5 -8692 8028 -17796 2014 5079 13314
5 -10580 -4828 -14332 8798 10330 20030
5 -9208 -19592 -6756 8155 13922 21514
5 -3300 -28276 408 5357 13300 19373
5 1192 -31764 3428 1812 9126 16153
5 3488 -32768 -508 -81 6083 14372
5 3948 -32768 -3108 3619 6229 11010
5 4676 -32768 -1724 4558 7504 5006
5 5860 -32768 604 3818 7110 -1450
5 4904 -32768 700 -702 3329 -4124
5 5040 -28232 -2012 490 -954 -5087
5 4732 -24976 -7312 123 -3466 -4224
5 4084 -25804 -13312 -3005 -4522 -3886
5 2332 -26040 -21064 -6232 -1776 -5408
5 928 -24084 -24076 -5269 3337 -6913
5 -140 -22744 -22268 -5367 7809 -8012
5 -1632 -21336 -20604 -8346 11211 -8560
5 -2496 -19356 -20184 -7894 14323 -8984
5 -3748 -17484 -17896 -5523 17857 -9490
5 -4364 -15348 -14104 -3701 21138 -10264
5 -3144 -11012 -8104 -6439 23230 -9847
5 -1956 -8100 -3728 -9651 23835 -8337
5 -552 -5576 28 -10629 22985 -6365
5 972 -3608 4256 -10227 21333 -3673
5 2060 -3528 8404 -10605 18013 -179
5 2056 -6692 7884 -8424 14226 2017
5 2816 -8712 11376 -3868 8982 2678
5 3828 -9968 12396 -293 2653 2721
5 3972 -10348 7600 -196 -1761 3654
5 4792 -11944 3048 2749 -3846 3820
5 4836 -13324 -1332 1918 -4420 3856
5 5804 -13820 -2932 -1303 -4056 3347
5 5712 -14464 -5940 -2620 -3983 2992
5 6084 -15088 -7980 -1714 -3319 2747
5 6436 -16340 -8292 151 -2771 2541
5 6212 -18024 -7600 1760 -3060 1926
5 6084 -18528 -7400 2176 -4061 1128
5 5540 -18392 -9460 147 -4151 359
5 5608 -17692 -11844 -1146 -2470 -345
5 5620 -16912 -12044 -962 -691 -690
5 5536 -16520 -10948 -115 125 -668
5 5092 -16800 -10400 192 382 -809
5 4756 -16956 -10456 -429 955 -1186
5 4432 -16420 -9380 -1287 1835 -1749
5 4280 -15240 -8152 -873 1959 -2053
5 4436 -14300 -7052 -485 1538 -1848
5 4692 -13356 -5584 173 554 -1486
5 5024 -12856 -5084 658 -1003 -857
5 5304 -13016 -6276 666 -1994 -110
5 5048 -13964 -8092 1408 -1968 137
5 5292 -14468 -8728 793 -1558 220
5 5388 -14652 -9296 -542 -850 245
5 5444 -15076 -9928 -1068 108 237
5 5504 -15440 -8956 -344 929 130
5 5572 -15364 -7396 -696 631 -95
5 5568 -15200 -7892 -1466 131 -69
5 5360 -15196 -8060 -1122 72 -2
5 5296 -15596 -7828 -278 -158 46
5 5196 -15596 -7356 -65 -565 -42
5 5252 -15652 -8664 -73 -537 -294

5 3512 -16308 -6564 -41 -1241 -367
5 3448 -16176 -7352 369 -1167 -640
5 3280 -15688 -7584 560 -715 -578
5 2944 -15556 -7580 -369 -211 -279
5 2504 -16224 -7956 -1227 358 -93
5 2412 -16620 -7060 -1082 957 -365
5 2500 -16460 -6080 -832 885 -800
5 2672 -15408 -5512 -630 347 -966
5 2876 -14404 -5860 -458 -293 -617
5 3232 -14196 -6388 -294 -617 181
5 3100 -14936 -6664 -190 -747 641
5 3188 -15816 -7120 -663 -576 763
5 3112 -16092 -7288 -369 -216 535
5 2856 -16228 -7296 -293 113 440
5 2712 -16548 -7016 -474 272 358
5 2488 -16728 -6992 -435 355 93
5 2304 -16408 -6960 -199 498 -191
5 2316 -15848 -6720 160 588 -363
5 2168 -15032 -6664 282 541 -521
5 2116 -14316 -6776 -419 528 -513
5 1836 -13180 -7428 -1727 693 -376
5 1636 -11984 -8052 -1733 1348 -92
5 2172 -10808 -7260 -227 1921 778
5 2640 -11168 -6000 1485 1826 1698
5 2680 -12384 -5060 2312 1434 2147
5 2628 -13012 -4672 853 756 2594
5 1940 -13236 -5784 -264 390 3029
5 972 -14196 -7472 913 667 3254
5 504 -14228 -7496 2735 1540 3132
5 260 -14076 -6536 2681 2190 3214
5 -324 -14208 -6256 955 2444 3135
5 -796 -13696 -7308 -408 2870 2806
5 -612 -11860 -7776 1191 3516 3041
5 -584 -11428 -6824 4058 3711 4177
5 -412 -12528 -6336 3920 3717 5277
5 -96 -13720 -6376 2793 4328 5582
5 772 -13960 -5168 1128 5487 6158
5 1024 -14904 -3736 202 5729 6966
5 1772 -16528 -2276 119 4807 8173
5 1988 -18552 -2716 1409 3238 9184
5 2168 -21688 -3516 2598 2369 9780
5 1020 -26692 -5192 3476 2322 8661
5 200 -29504 -5204 3497 2926 6302
5 -244 -29796 -4420 1754 3084 3942
5 -1004 -31704 -6332 1234 2349 1606
5 -1280 -30540 -6360 -1159 1721 73
5 -1100 -28884 -9224 -580 1969 -1902
5 -908 -26744 -10176 -638 3213 -3222
5 -468 -25076 -9904 -1668 4484 -4406
5 -816 -23568 -9092 -2742 5503 -5479
5 -1176 -21544 -8376 -3715 6399 -6132
5 -1040 -20096 -7376 -4570 6931 -6125
5 -880 -19412 -6996 -4618 7159 -6170
5 -856 -18876 -6916 -4066 7241 -6466
5 -592 -18172 -7184 -4631 7331 -6750
5 -408 -17072 -8004 -5138 8421 -6928
5 -140 -15888 -6820 -4323 9562 -6829
5 292 -14984 -4312 -3366 9780 -6813
5 748 -14676 -3840 -3026 9388 -6748
5 1160 -13424 -2820 -2116 8440 -6532
5 1524 -12004 -2576 -1603 6984 -5677
5 1728 -11516 -3716 -1274 6028 -4584
5 1952 -11864 -5228 -979 6248 -3791
5 2844 -11836 -4500 -1573 6847 -3130
5 3084 -12576 -3880 -2179 6932 -2711
5 3096 -12780 -3848 -2703 6831 -2598
5 3336 -12756 -3316 -2204 6560 -2360
5 3716 -12440 -2804 -1584 6160 -1975
5 3968 -12316 -2020 -997 5322 -1439
5 4300 -12192 -1760 -513 4161 -809
5 4664 -12652 -2536 -226 3261 -202
5 5028 -13944 -4160 56 2999 170
5 5208 -14848 -4808 792 3247 196
5 5552 -15112 -3572 1435 3474 -134
5 5660 -14896 -2572 567 2907 -201

5 5180 -16232 -4556 -2508 -201 730
5 5164 -15400 -4552 -2440 410 551
5 5116 -15128 -3712 -1949 559 715
5 5600 -15832 -2476 -1869 -44 533
5 5740 -15812 -2332 -2004 -1381 -38
5 5576 -14704 -3012 -1620 -2687 -482
5 5204 -13532 -4624 -1602 -3610 -584
5 4660 -12676 -6260 -1449 -3954 -272
5 4560 -11872 -7344 -1306 -3798 276
5 4492 -11392 -8164 -2454 -3674 1097
5 3756 -11132 -9344 -3243 -3658 1649
5 2296 -11256 -11544 -3702 -3479 2013
5 1080 -11000 -13528 -3115 -1949 1790
5 148 -10376 -14432 -1586 -235 1248
5 0 -7872 -13660 -893 1869 1140
5 252 -6168 -12816 -1196 3968 2046
5 -144 -5076 -11268 -436 6087 3344
5 228 -4436 -7736 483 7461 5074
5 1124 -5768 -4556 415 6986 7388
5 932 -7836 -2352 272 5270 9507
5 288 -10796 -2288 979 3114 11194
5 436 -15408 -3000 1542 1073 12156
5 688 -18920 -5688 3257 -171 11732
5 1012 -20592 -7784 3915 354 11207
5 1372 -22100 -8520 4513 2015 10793
5 1328 -24992 -7696 4164 3829 9777
5 1640 -25508 -5892 3055 5285 7951
5 2000 -25148 -3304 2095 5125 6965
5 2816 -25864 -1920 2636 3477 6133
5 2400 -26076 -1684 1223 1592 4786
5 2348 -25080 -3736 106 60 3571
5 2424 -24172 -5344 237 -388 2713
5 2200 -23948 -5992 -289 -233 1817
5 1796 -23476 -5672 -1757 -335 796
5 1168 -22700 -6116 -3884 -716 -93
5 384 -22500 -8120 -3680 -762 -1083
5 -376 -22128 -8900 -2827 -143 -1967
5 -440 -21056 -8608 -1951 500 -2740
5 -612 -20660 -8412 -2716 659 -3230
5 -668 -20228 -9164 -4110 878 -3866
5 -296 -19040 -10308 -3591 1293 -4280
5 452 -18344 -10024 -2674 1767 -4188
5 496 -18748 -10644 -3143 1942 -4352
5 372 -18432 -11652 -4013 2727 -4766
5 160 -17672 -13056 -4408 4390 -5133
5 508 -17092 -12624 -4465 6499 -5121
5 400 -16820 -10936 -4194 7694 -5208
5 336 -16480 -9952 -3791 8034 -5401
5 652 -15744 -9496 -3330 8415 -5540
5 1172 -14640 -8960 -2902 8804 -5476
5 1692 -13840 -8656 -3043 8943 -4974
5 2120 -13248 -8508 -3236 9172 -4449
5 2112 -12996 -8636 -3355 9787 -4045
5 2608 -12204 -8244 -3238 10470 -3627
5 2528 -12092 -7324 -3349 10749 -3096
5 3068 -11396 -6760 -3014 10590 -2449
5 3140 -11184 -6456 -2228 10112 -1833
5 2904 -11060 -6244 -2199 9835 -1330
5 3224 -10828 -5976 -2537 9756 -589
5 3572 -11060 -5452 -2440 9620 205
5 4144 -11432 -3268 -1137 8905 580
5 4488 -11636 -2352 -224 7252 966
5 4740 -11740 -2520 39 5557 1580
5 4604 -11980 -3032 -21 4550 2190
5 4468 -12704 -2756 329 3823 2787
5 4548 -14228 -2772 652 3165 3041
5 4648 -15040 -1500 574 2261 2984
5 4716 -15860 -1552 711 975 2634
5 5064 -16692 -2248 826 -81 2193
5 5620 -17000 -2760 794 -1067 1782
5 5328 -17412 -4740 702 -1554 1220
5 4948 -17468 -6276 -69 -1336 868
5 4740 -17588 -7284 -124 -739 503
5 4452 -17600 -7144 -120 -208 56
5 4576 -17308 -6688 -352 148 -180

5 5084 -13516 -8628 -165 761 -2196
5 5268 -12444 -8132 -260 -9 -2102
5 5532 -10904 -8520 30 -696 -1446
5 5660 -10448 -9332 242 -953 -94
5 5284 -11256 -9356 534 -1162 916
5 4484 -12128 -10056 709 -1431 1148
5 3284 -11912 -10784 1445 -999 1103
5 2012 -11132 -10960 1478 -384 1031
5 1284 -10100 -11452 1621 307 1307
5 1176 -9760 -12104 3204 1754 1475
5 1256 -9448 -10644 5558 3568 1059
5 1192 -8224 -7472 5647 4527 568
5 1484 -5676 -5764 4980 3888 964
5 1380 -4452 -6752 4922 2754 2820
5 808 -5244 -7744 5283 3067 5178
5 1164 -6984 -6464 5297 3519 7099
5 956 -9920 -5712 4333 3132 8274
5 1284 -11228 -6740 2516 2247 9327
5 1000 -13264 -9212 3805 2266 10579
5 784 -16880 -9252 5214 3835 11313
5 948 -20320 -7264 4216 5595 10648
5 1064 -21544 -5468 779 6037 9965
5 1344 -21960 -5424 1332 5442 9610
5 1744 -22892 -5212 4488 5020 9661
5 1740 -25852 -3256 6144 5019 8738
5 2200 -26172 -788 4769 3982 6941
5 1852 -24872 -1780 3140 2029 5843
5 2472 -23812 -4488 4320 1137 5526
5 2528 -25376 -5420 5788 1697 4819
5 3148 -27328 -3848 4551 2489 2948
5 2260 -26856 -2400 617 1831 828
5 1456 -24524 -3952 307 967 -850
5 612 -22656 -5044 673 873 -1517
5 880 -21224 -4832 -347 731 -1824
5 772 -20480 -5108 -1807 315 -1924
5 668 -20536 -6916 -2007 28 -2107
5 336 -20856 -7744 -893 290 -2601
5 88 -20948 -8152 -1135 226 -3051
5 180 -20748 -9276 -2559 375 -3474
5 404 -20852 -11388 -3188 1237 -3973
5 392 -21320 -12396 -3534 2829 -4490
5 320 -21560 -12248 -3599 5254 -5543
5 228 -20972 -11180 -2567 6840 -6526
5 224 -20040 -9772 -3045 8163 -7274
5 84 -19196 -8688 -4218 9627 -7710
5 200 -18840 -7300 -4220 10566 -8138
5 836 -18756 -6124 -3400 10689 -8458
5 1028 -17996 -5800 -2581 10948 -9097
5 892 -16640 -4524 -2987 11330 -9425
5 1216 -14756 -3656 -4034 11488 -9199
5 1560 -13648 -2596 -4991 11119 -8549
5 2616 -12676 -2376 -6041 10378 -7629
5 3564 -11808 -3104 -4941 9553 -6873
5 3680 -11508 -3368 -3369 9134 -6194
5 4236 -10968 -2612 -3147 8742 -5477
5 4812 -10512 -2296 -3819 8070 -4602
5 5368 -10132 -2424 -4005 7181 -3670
5 5848 -9872 -2820 -3053 6731 -2490
5 6296 -9524 -1588 -1771 6288 -1287
5 6604 -9860 -4 -1246 5167 -153
5 6808 -10220 -780 -790 3846 907
5 6984 -11352 -1424 -1561 3141 1841
5 7196 -12144 -1040 -2729 2726 2288
5 7080 -13436 -1492 -1752 2183 2095
5 7140 -13652 -760 -1871 1524 2070
5 7060 -13752 -576 -2553 352 2105
5 7112 -14376 -1068 -1767 -897 2184
5 6824 -15056 -2096 -510 -2147 2152
5 6656 -15820 -3964 89 -2625 1865
5 6984 -15984 -5160 745 -2349 1527
5 7068 -16208 -5556 712 -2239 1217
5 6980 -16220 -6504 273 -2128 880
5 6964 -15988 -7628 -170 -1580 864
5 7064 -16192 -8244 112 -582 798
5 6992 -16776 -7732 133 558 298

5 1820 -17004 -4264 -560 279 -65
5 1728 -16784 -3984 -731 -48 -66
5 1720 -16228 -4460 71 -213 -154
5 1492 -15372 -4364 757 18 -102
5 1460 -14372 -3892 555 169 112
5 1284 -13548 -3544 -298 -14 607
5 1232 -12944 -3520 -569 -324 1311
5 608 -13276 -4416 -824 -766 2080
5 100 -13504 -4888 -352 -855 2524
5 -412 -13860 -5760 733 -849 2528
5 -984 -14192 -6636 574 -694 2425
5 -1304 -14016 -8136 954 -11 2121
5 -1224 -13388 -8056 2603 1275 1828
5 -588 -12336 -7232 3309 2331 1968
5 -612 -12084 -6048 2324 2921 2690
5 -852 -12488 -5908 1398 3257 3458
5 -1216 -13252 -5960 1333 3767 4123
5 -772 -13656 -6076 2398 4706 4628
5 -916 -14360 -3884 3412 5651 5117
5 -1060 -15136 -1872 1236 5632 5615
5 -1800 -15968 -2064 186 5305 6017
5 -1108 -16740 -1976 2468 5512 5986
5 -572 -17116 252 3856 5542 5820
5 -740 -17276 1592 2225 4754 5887
5 -492 -17888 1416 492 3506 6610
5 -228 -20364 -120 1875 2560 7178
5 -528 -22840 228 4263 2287 6400
5 -720 -23932 648 3432 1617 5174
5 -1536 -25452 -688 2089 946 3984
5 -1856 -25812 -1248 2200 749 2644
5 -2216 -26244 -2284 603 760 1579
5 -2176 -26376 -2568 -316 964 167
5 -2392 -25284 -3128 -892 1481 -1467
5 -2504 -23652 -3164 -1686 1849 -2656
5 -2576 -21824 -2960 -2468 1857 -3261
5 -2696 -20732 -3472 -2813 1707 -3504
5 -2548 -20148 -3704 -1974 1769 -3670
5 -2808 -20108 -3464 -2281 1643 -3708
5 -2800 -20260 -4316 -3130 1474 -3960
5 -2804 -20624 -5920 -2989 1800 -4499
5 -2836 -20612 -6220 -2157 2709 -5296
5 -2328 -19900 -5836 -2176 3671 -5998
5 -2236 -19396 -6004 -2627 4162 -6568
5 -1820 -18504 -6276 -2902 4751 -6759
5 -1556 -17944 -6184 -2721 5256 -6805
5 -1268 -17736 -5888 -2196 5815 -6950
5 -692 -17252 -5616 -2030 6104 -7060
5 -492 -16340 -5608 -1899 6604 -7083
5 -116 -15528 -5236 -2289 7120 -6785
5 332 -15208 -4872 -2872 7508 -6290
5 820 -15072 -4088 -2747 7789 -5912
5 1136 -14908 -3540 -2939 7636 -5530
5 1380 -14716 -4180 -2342 7446 -5174
5 1772 -14368 -4136 -1829 7562 -4878
5 1716 -14232 -4252 -2150 7719 -4474
5 1720 -14260 -4504 -2173 8042 -4163
5 1808 -13976 -4192 -1598 8483 -3992
5 2056 -13036 -2896 -1471 8507 -3782
5 2052 -12200 -2012 -1936 8065 -3181
5 2396 -11792 -1660 -1601 7267 -2115
5 2796 -12332 -1692 -202 6396 -1106
5 3252 -13064 -1568 967 5857 -523
5 3292 -13508 -1196 1051 5266 -231
5 3112 -13844 -784 340 4653 17
5 3264 -13876 -1176 216 4386 263
5 3464 -13924 0 -166 3948 758
5 3196 -14256 1488 -603 2890 1183
5 3608 -14068 2836 437 1636 1475
5 3548 -13888 4544 -723 -113 2029
5 3500 -14280 4064 -2494 -2212 2648
5 3560 -15664 -196 -1757 -2934 2280
5 3804 -16472 -3284 -356 -1501 1645
5 3724 -17624 -3196 914 46 1109
5 3764 -18604 -2464 442 822 386
5 4096 -18480 -2732 -330 814 -282

5 712 -15992 -3844 -447 -1647 697
5 684 -16704 -3680 -295 -1128 771
5 452 -17632 -3536 -395 -579 408
5 276 -17624 -2912 -484 -369 -317
5 -136 -16852 -3292 -1285 -436 -944
5 -136 -15580 -3696 -1552 -204 -1046
5 204 -14320 -3672 -1254 91 -791
5 252 -13080 -3324 -1513 -171 -238
5 -620 -11732 -4372 -2192 -749 565
5 -1764 -11556 -6304 -2440 -854 1269
5 -3120 -10836 -7576 -2581 -387 1400
5 -4348 -10188 -9036 -1720 638 948
5 -3584 -6736 -9244 835 1917 543
5 -3180 -3784 -8280 2291 2546 1596
5 -2544 -1616 -7856 2873 2992 3620
5 -2364 -1920 -8124 3020 4581 6213
5 -2512 -3964 -5480 1266 6667 9973
5 -3584 -10632 -3500 1317 8309 12795
5 -4704 -19836 356 2734 9007 13319
5 -4020 -27284 4480 1371 8388 11938
5 -4012 -32768 5352 -965 7017 8818
5 -2972 -32768 5232 -591 4939 5009
5 -1732 -31476 4180 1029 2750 2874
5 -1004 -31136 1384 1996 734 2536
5 -1844 -31520 -968 319 -338 2878
5 -2040 -32524 -4248 2738 -1643 1238
5 -908 -31284 -6624 2384 -949 -877
5 -1088 -30536 -9276 476 292 -3165
5 -2732 -30240 -12100 -2163 2787 -5455
5 -3376 -27528 -11736 -2286 5777 -7570
5 -3408 -24868 -9892 -2059 7774 -8689
5 -2860 -22792 -8008 -3524 8055 -8800
5 -3108 -22936 -9512 -4324 7647 -8474
5 -4268 -24312 -12708 -2500 8432 -9141
5 -5108 -24556 -13984 -1420 10661 -10850
5 -6276 -22716 -13628 -950 14852 -13217
5 -7256 -19008 -8744 -2592 18367 -15059
5 -7308 -15040 -3564 -5762 20394 -15717
5 -5924 -10916 464 -7006 20470 -15464
5 -3468 -6012 5492 -8226 18226 -13332
5 -2204 -3044 6540 -8412 15692 -10031
5 -108 -208 7676 -7537 13111 -5814
5 804 -1108 7832 -6337 10019 -1452
5 1788 -2648 9356 -4610 6534 2047
5 3004 -6712 10216 1852 2677 3288
5 2528 -6772 11560 -3678 -184 4893
5 3224 -8556 6836 -1159 -3753 5142
5 2464 -11868 856 -1535 -4036 5747
5 2840 -14596 -1848 -2189 -3757 5837
5 2448 -17508 -4520 -2368 -2968 4951
5 2792 -20192 -6792 21 -2019 3378
5 3424 -20848 -4728 4147 -1267 1074
5 3668 -18848 -2288 2281 -2123 -153
5 3144 -17348 -4760 -793 -3074 -26
5 3280 -17764 -7496 -136 -2458 563
5 3376 -18872 -7452 2071 -1558 516
5 3464 -19200 -5844 1568 -1175 -107
5 2856 -19064 -6564 -452 -941 -649
5 2232 -18460 -7628 -858 66 -1160
5 2172 -17780 -6644 -494 1195 -1346
5 2196 -17452 -4412 -178 1549 -1671
5 2312 -16596 -3100 -765 773 -1741
5 2388 -15188 -2488 -1417 -324 -1387
5 2716 -14360 -3452 -1167 -1412 -538
5 3376 -14216 -4112 53 -1871 390
5 3052 -15584 -5208 439 -1998 918
5 2696 -16416 -5992 35 -1679 948
5 2408 -17136 -6836 -642 -816 713
5 2684 -17604 -6968 -1414 308 306
5 2388 -17556 -6504 -911 1192 -267
5 2076 -16960 -5464 -654 1449 -789
5 2320 -15776 -4804 -429 1409 -812
5 2704 -14824 -3912 -409 1105 -319
5 3320 -14920 -3000 -1176 432 593
5 3380 -15812 -3428 -700 -396 1109

5 2640 -16572 -5996 -955 -1272 525
5 2340 -16968 -5892 -341 -855 368
5 2556 -17116 -5032 38 -727 25
5 2396 -16808 -4876 295 -897 -366
5 1900 -16180 -5484 167 -977 -775
5 1332 -14632 -6064 -64 -569 -922
5 684 -13800 -6708 1228 124 -1130
5 368 -11648 -5180 1732 429 -1498
5 156 -8948 -4960 216 115 -1605
5 244 -5652 -5952 -1072 -271 -1148
5 32 -3016 -7692 -1331 -37 392
5 -280 -1020 -8792 587 1035 2440
5 -584 304 -8812 3983 2168 4994
5 -1372 368 -7640 5548 3175 8296
5 -2392 -2064 -6380 3913 3935 11590
5 -3400 -7432 -5800 -207 4317 14392
5 -4516 -13684 -5544 -664 5263 15637
5 -5864 -21380 -3744 2069 6244 14883
5 -5452 -26140 932 46 5991 12807
5 -4900 -29416 1744 -5499 4195 10679
5 -3132 -31020 520 -4763 2498 8876
5 -2092 -31324 -2076 1411 838 7397
5 -2072 -30972 -2920 5172 296 5973
5 -4080 -32768 -5860 3341 142 4928
5 -2588 -31504 -3016 296 763 3377
5 -1156 -30796 -3876 -772 -132 1731
5 -1928 -30308 -6848 -55 -684 366
5 -2356 -29876 -8492 906 231 -1180
5 -2784 -28716 -9216 1385 1378 -3087
5 -3128 -27868 -9480 -597 2560 -4680
5 -3356 -26596 -10128 -3063 3834 -6215
5 -2852 -24908 -10720 -3872 5234 -7283
5 -3128 -23760 -11168 -2830 6728 -8037
5 -3340 -23364 -10812 -3515 8158 -8410
5 -4068 -23816 -10652 -5483 9536 -8911
5 -4168 -24172 -10200 -5811 11184 -9935
5 -3896 -23044 -8952 -4727 12224 -11666
5 -3436 -20208 -6956 -3310 12346 -13020
5 -3068 -16464 -5888 -4064 12134 -13459
5 -3048 -13568 -5768 -2173 12458 -13344
5 -1776 -10600 -3212 1505 12270 -13064
5 -1048 -6960 -1324 1117 10645 -12243
5 -880 -4028 -2912 -2343 10340 -9836
5 -424 -3124 -4856 -1007 11940 -7830
5 124 -1348 -2620 156 13878 -5280
5 1020 -108 3132 -1784 14373 -1844
5 1960 -1808 8896 -4058 11628 1560
5 1700 -2972 13860 -10239 5759 5427
5 2744 -7240 9280 -11907 616 7975
5 2976 -12712 864 -7770 -921 8568
5 2468 -17900 -2980 716 -1959 7165
5 3512 -21120 -3412 1225 -929 5415
5 3356 -23656 -2764 -194 -385 2364
5 3604 -22296 -2464 139 -944 -754
5 4048 -19012 -5396 1751 -1241 -2327
5 4104 -16296 -7104 507 -488 -2131
5 4000 -14708 -7572 -168 387 -1367
5 4324 -14472 -6804 730 1024 -693
5 4148 -14972 -5268 1558 744 0
5 4168 -15272 -3920 1555 -40 528
5 3244 -15812 -3592 314 -1237 946
5 3068 -16404 -5720 -206 -1577 1038
5 2940 -17208 -7348 -567 -784 1015
5 3512 -17496 -7056 -660 269 608
5 3372 -17332 -6288 -630 691 -223
5 3452 -16604 -5740 -1073 725 -582
5 3276 -16132 -5808 -384 730 -675
5 3560 -15676 -4312 1025 637 -573
5 3480 -15484 -2520 841 10 -450
5 3660 -15172 -2720 -189 -1315 -10
5 3264 -15464 -4292 -669 -1827 455
5 3220 -15872 -5944 -454 -1468 556
5 3840 -16224 -6100 -288 -728 666
5 4152 -16992 -5784 496 -593 287
5 4064 -16776 -5584 -335 -590 -117

5 -1280 -16940 -1456 -3007 -1693 -547
5 -1356 -16880 -1404 -2433 -974 -716
5 -988 -17232 -308 -2767 -661 -558
5 -924 -17476 896 -3477 -1398 -778
5 -1456 -17808 -724 -3348 -2285 -1134
5 -1484 -16712 -2372 -1388 -2616 -1648
5 -1004 -15216 -3448 -883 -2149 -1631
5 -200 -13708 -3560 -2133 -1868 -1409
5 -588 -13336 -4692 -4797 -1544 -1268
5 -1156 -12272 -6512 -6922 -912 -1427
5 -2140 -11592 -8740 -6345 240 -1825
5 -2880 -10004 -9656 -2376 1526 -2488
5 -2388 -6416 -9004 4472 2892 -3365
5 -2364 -1624 -5016 7566 2876 -3581
5 -3252 2420 -4016 673 1466 -824
5 -4468 1760 -8204 -6038 1720 4635
5 -5860 -4644 -11192 -2115 5383 8839
5 -5720 -12120 -4328 3969 8426 10823
5 -5336 -18232 4088 448 6750 10925
5 -4340 -23288 2476 -6535 3265 10011
5 -2876 -25308 -3168 -4305 2828 8544
5 -2576 -27804 -4152 3608 5041 7153
5 -3124 -29596 472 5871 6595 4670
5 -3328 -27932 3772 2513 6036 1992
5 -1500 -24472 3988 -1693 4709 1062
5 -920 -22660 3088 -293 3715 1299
5 -264 -21608 4952 2758 2306 1840
5 -1284 -21216 4736 1644 -41 2207
5 -1144 -21032 2904 -466 -2132 2440
5 -192 -20132 740 -1284 -3227 2990
5 -704 -22012 -2072 -829 -3336 2974
5 -1824 -23424 -3404 -502 -2694 1759
5 -2424 -22744 -3464 -583 -1778 60
5 -3036 -20960 -3660 -1568 -813 -1289
5 -3140 -18984 -2712 -2950 -599 -1856
5 -3532 -18220 -3460 -3755 -521 -1776
5 -3704 -17636 -4720 -1743 -420 -1662
5 -3920 -17016 -4596 -956 -203 -1218
5 -4156 -17216 -4912 -1374 -13 -835
5 -4424 -18264 -5516 -3462 383 -599
5 -4360 -19856 -7332 -2672 1097 -758
5 -4276 -20848 -7404 -567 1770 -1386
5 -4204 -20784 -5636 -2526 2058 -1852
5 -4308 -21260 -7284 -8998 1602 -1161
5 -4868 -23072 -10252 -12574 2486 -383
5 -5056 -25884 -12860 -10951 4669 -591
5 -5548 -27456 -11680 -6365 6850 -2644
5 -5540 -26640 -9456 -6696 8356 -4974
5 -5720 -24328 -9540 -6957 9654 -7577
5 -5216 -20736 -8684 -6087 11247 -9038
5 -4488 -17292 -7408 -3116 11981 -9910
5 -3992 -13612 -5464 -3022 11745 -9981
5 -3508 -10488 -5732 -4060 11479 -9056
5 -3032 -8412 -6432 -3631 11685 -7151
5 -1752 -6516 -5836 -294 12136 -5128
5 -1048 -5456 -4448 4922 11985 -3324
5 -628 -5432 -2128 5108 11050 -1414
5 -920 -7312 -2344 859 10336 -44
5 -540 -9380 -3280 -3374 10556 715
5 48 -10656 -3556 -4975 10942 1030
5 448 -12312 -3120 -3369 10913 1112
5 120 -13832 -1308 -1164 10474 590
5 -60 -13572 1392 -2072 8986 130
5 652 -13248 696 -3399 6725 742
5 1360 -14268 -1452 -621 5524 1361
5 1784 -15528 -1696 3744 4025 1215
5 1156 -16528 -2260 4767 2734 345
5 1396 -15392 -2736 2223 2918 3
5 1748 -14368 -968 -318 2617 585
5 1788 -14216 -808 -1444 1585 1244
5 1880 -13792 -12 -1960 -62 2508
5 2068 -15720 -3148 -2370 -774 3221
5 2380 -18308 -4892 -724 -762 2738
5 1916 -19676 -5364 347 -356 1323
5 1816 -19656 -5392 278 7 148

5 4920 -16052 -5952 2998 -358 -284
5 5124 -15940 -6244 1920 -1332 -555
5 4460 -15856 -7436 1062 -1758 -868
5 4080 -15400 -8204 124 -1841 -913
5 3744 -15472 -9040 1760 -1457 -1328
5 3712 -14524 -7592 2524 -1581 -1573
5 3616 -13860 -8168 1235 -2150 -1383
5 3060 -13428 -9120 -123 -2365 -1322
5 2372 -12048 -10668 -1476 -1673 -967
5 1468 -10924 -9976 -2275 -94 -146
5 960 -9548 -8812 -3452 420 956
5 136 -9128 -8680 -4270 96 1771
5 -160 -7908 -10100 -4446 -319 1749
5 720 -4952 -12160 -5522 383 3266
5 800 -4048 -12324 -6717 2022 6389
5 192 -5832 -11432 -9292 2992 9527
5 756 -8076 -12600 -10231 3428 11413
5 1956 -11544 -13672 -9820 4355 12545
5 2544 -14840 -12060 -9597 5287 12545
5 2108 -16884 -9340 -9591 4715 11962
5 3868 -16600 -8648 -7085 2920 10714
5 2832 -17740 -12236 -4713 1571 10371
5 2812 -20280 -12572 -5051 2090 10217
5 2744 -21748 -12780 -6139 2412 9208
5 2892 -21912 -12028 -3825 2842 7685
5 3484 -22804 -10052 -1784 2624 6246
5 3656 -23492 -9500 -601 1701 4567
5 3280 -24240 -9316 1544 1044 2570
5 3208 -23508 -8320 2333 601 730
5 2736 -21176 -8612 3064 -152 -923
5 2420 -18720 -10804 2428 -693 -1656
5 -1356 -17124 -14348 718 -973 -1321
5 1548 -15156 -11856 116 1180 -448
5 196 -16964 -13156 2620 1119 -392
5 1292 -19448 -13844 5493 1737 -1937
5 2280 -18868 -12292 4070 1757 -4096
5 2536 -15456 -13484 18 1819 -4144
5 2660 -13056 -13324 587 2912 -2237
5 2512 -14820 -12236 2368 2971 -737
5 2608 -17580 -13816 2701 2961 -817
5 3336 -18104 -14488 2015 4157 -2136
5 3436 -17028 -13000 1149 4847 -2914
5 3220 -16368 -11632 3995 4695 -3588
5 2948 -16556 -11428 4769 3892 -4089
5 2616 -15888 -13732 4656 3988 -4270
5 3212 -15556 -14428 3243 4768 -3797
5 3280 -15996 -13660 2161 5660 -3623
5 3452 -15888 -12216 1737 6659 -3919
5 3220 -15108 -10928 1822 7003 -3699
5 2924 -15740 -9272 1975 6509 -3806
5 3116 -15008 -9912 -56 6145 -3920
5 3124 -13416 -10400 189 6689 -3729
5 2916 -13276 -8956 717 7294 -2891
5 2952 -14932 -7920 2757 7192 -3010
5 3564 -14388 -7256 1888 6570 -3572
5 3652 -13032 -7732 1041 6704 -3104
5 3592 -13484 -5976 1680 6856 -2418
5 3964 -15236 -4244 1847 5734 -2098
5 4240 -16528 -4812 1116 4409 -2726
5 4364 -16020 -6332 306 4462 -3549
5 4732 -13644 -5372 2161 4829 -3998
5 5112 -12620 -2672 3986 4006 -3405
5 5432 -13372 -2388 2591 2668 -2366
5 5472 -15204 -2792 703 2091 -1756
5 5324 -17160 -4424 2154 1632 -2431
5 5332 -18292 -4964 4163 1754 -4062
5 5620 -16272 -4500 1083 1785 -5041
5 6632 -11728 -4048 -1905 1784 -4416
5 7068 -9004 -1524 -2082 1320 -2381
5 7084 -8480 1488 -1849 -255 14
5 7504 -9500 2164 -523 -2407 1752
5 7536 -12636 -1396 684 -3582 2231
5 7548 -14844 -6380 1974 -2006 676
5 7420 -13796 -5472 1262 -44 -441
5 6756 -12344 -3300 875 263 -380