3 4072 -16992 -3892 -779 514 -445
3 4340 -17028 -3084 -1367 121 -551
3 5004 -16764 -2704 -2328 -685 -386
3 4948 -17144 -3332 -2825 -1587 12
3 5104 -18044 -4400 -4508 -2785 622
3 5332 -20004 -7312 -5207 -3425 824
3 4984 -21928 -10008 -6775 -2972 -154
3 4544 -21712 -12860 -6921 -958 -1999
3 4348 -19840 -13308 -6399 1699 -3773
3 3340 -17264 -12556 -7437 4100 -4522
3 3056 -14720 -11696 -8980 6161 -4826
3 2700 -12256 -10716 -8595 7490 -4423
3 2072 -10172 -8748 -7896 7539 -3912
3 1408 -7660 -9340 -11225 7453 -3010
3 560 -4944 -10168 -12810 8616 -1183
3 208 -3296 -8828 -10835 9764 1496
3 -200 -2944 -5268 -10343 10051 3966
3 -348 -3340 -3036 -12048 9633 6857
3 -676 -5692 -1168 -11037 8848 9439
3 -1596 -8900 744 -8036 7455 10880
3 -1652 -11924 2288 -1199 5542 11709
3 -2184 -14872 5572 2909 3167 12388
3 -2516 -18772 7444 3475 678 12647
3 -2276 -23716 8644 3628 -2266 11906
3 -1104 -26888 8564 5394 -5865 9759
3 536 -27508 7016 6456 -9125 6815
3 1496 -25392 4372 4207 -11292 4666
3 2208 -24028 724 2219 -12160 4049
3 2336 -25568 -1148 3740 -12255 3503
3 2824 -27096 -204 5090 -12572 1891
3 2872 -26348 52 3462 -14107 0
3 3172 -25544 -3716 4192 -16103 -1892
3 2748 -22636 -7488 3118 -17279 -2206
3 2160 -20744 -10652 2076 -16521 -1939
3 1064 -21256 -11720 1013 -15653 -1688
3 152 -22948 -14732 -143 -15091 -2413
3 -800 -23696 -19444 -631 -13137 -3873
3 -788 -23516 -22504 -1009 -9923 -5439
3 -1272 -23004 -25580 -1648 -5665 -6720
3 -2096 -21036 -25704 -1075 -1047 -7565
3 -2780 -20300 -23848 -721 3419 -7962
3 -3036 -20124 -19992 -755 5959 -8638
3 -3980 -19668 -18220 -833 7405 -9515
3 -4588 -17480 -17072 -412 8198 -10117
3 -4200 -14976 -16184 -614 9088 -9606
3 -3568 -14092 -15368 -583 10251 -8919
3 -3332 -13528 -14184 -752 11269 -8434
3 -2532 -12100 -12704 -1045 12407 -8191
3 -1708 -10396 -10708 -1787 13640 -7440
3 -160 -9472 -7492 -3425 14596 -5952
3 768 -9696 -4748 -3533 14907 -4704
3 928 -9176 296 -3460 14523 -3639
3 2416 -8832 4532 -4678 12857 -1940
3 3716 -9616 7632 -4910 10418 -266
3 4412 -11384 8868 -3239 7708 1067
3 5124 -13016 9460 -767 5065 1508
3 5320 -13684 9468 -1132 2000 1261
3 5776 -14344 6220 -1420 -122 1039
3 5980 -14648 4456 191 -1214 933
3 6016 -15020 3784 398 -2687 732
3 6256 -14728 2248 155 -4561 730
3 6136 -14516 -744 414 -6180 1141
3 6400 -15384 -3684 978 -6921 1586
3 6172 -16800 -6812 1474 -6747 1509
3 5724 -17892 -9156 844 -5449 1072
3 5368 -18336 -10460 -430 -3625 322
3 5248 -17916 -10660 -233 -1901 -186
3 5100 -17400 -9440 645 -715 -410
3 4968 -17288 -8136 462 -300 -385
3 4992 -17664 -7280 -53 -252 -530
3 4768 -17344 -7268 -342 -298 -873
3 4720 -16856 -7116 -398 -127 -896
3 4792 -16072 -6512 -321 -50 -880
3 4680 -16120 -6448 -459 80 -745
3 4788 -15928 -5740 -628 88 -775

3 -1332 -16628 -4308 -1976 482 36
3 -1800 -17156 -3952 -2765 690 -152
3 -2436 -17564 -4208 -3336 821 -350
3 -2684 -17808 -4288 -2632 863 -648
3 -3016 -18288 -4392 -2149 783 -906
3 -3664 -18912 -4124 -2920 459 -1553
3 -3140 -19132 -5540 -5246 -425 -2108
3 -2196 -18860 -9340 -5073 -461 -2934
3 -2872 -18180 -10796 -5638 684 -3963
3 -3308 -17200 -12764 -6765 1862 -4495
3 -2992 -16332 -14060 -9753 3554 -4677
3 -2316 -14516 -15256 -9044 5397 -4824
3 -1496 -12672 -14880 -7706 6905 -4513
3 -1320 -11776 -14332 -8929 8246 -3823
3 -1796 -10648 -14400 -10604 9883 -3380
3 -1556 -8152 -14464 -10123 11705 -2510
3 -1516 -5928 -12812 -5819 13426 -777
3 -2480 -5172 -8816 -3635 14634 1253
3 -2936 -4592 -4320 -5309 14243 2950
3 -3092 -5252 -2496 -9184 12504 5414
3 -3068 -6996 -2148 -6437 11042 7074
3 -3284 -8628 904 -630 8936 8204
3 -3476 -9932 3728 781 5586 9554
3 -4364 -12876 3228 1195 1723 10530
3 -4436 -16268 1628 2006 -809 10447
3 -3848 -18300 1384 2707 -2876 9793
3 -4076 -21324 472 3347 -5110 8916
3 -4552 -23620 -2792 5420 -6302 6851
3 -3264 -22672 -4088 9018 -5777 4435
3 -2860 -19724 -1392 8466 -5224 2660
3 -2320 -17628 -892 3013 -5595 2318
3 -1688 -16728 -2120 1006 -5927 2468
3 -1156 -17124 -1496 2063 -6311 3252
3 -1852 -19824 -1440 2995 -7641 3956
3 -2136 -22160 -796 3024 -8882 3886
3 -2172 -24120 -944 1455 -10525 3210
3 -1908 -25828 -3044 -324 -11884 2557
3 -2232 -28276 -5380 -714 -12611 1434
3 -4224 -30600 -9448 1147 -12075 -422
3 -4260 -30748 -9144 1733 -9838 -2945
3 -3996 -29016 -6748 -120 -8411 -5530
3 -4624 -26244 -4548 -1193 -8814 -7989
3 -5552 -23168 -5788 -3153 -9777 -8827
3 -5500 -21580 -8280 -1913 -10233 -9000
3 -6000 -21040 -11172 -305 -10867 -9331
3 -6252 -19036 -14956 809 -9959 -9547
3 -6004 -18140 -17612 1144 -7697 -9111
3 -5116 -17472 -17848 1433 -5252 -9350
3 -4476 -16448 -18216 870 -3582 -9480
3 -4744 -15544 -18588 -762 -1753 -9597
3 -3896 -14480 -19608 -2737 487 -9106
3 -3800 -14628 -19364 -3219 3242 -8968
3 -2696 -13576 -17904 -3446 5256 -8628
3 -2528 -12724 -16176 -3549 6882 -8010
3 -1908 -12516 -15560 -4053 8166 -7058
3 -1716 -12740 -14036 -3522 9654 -6240
3 -1700 -13416 -11620 -4042 10358 -5629
3 -1200 -13132 -11176 -3723 10662 -5434
3 -916 -12324 -10188 -2019 11310 -5327
3 -780 -11692 -7576 -3213 11722 -4834
3 -160 -11136 -6568 -4252 11509 -4281
3 1660 -8640 -5436 -2553 10681 -3320
3 1952 -6720 -5244 -858 9706 -1541
3 996 -6064 -5560 -709 10593 477
3 1044 -7932 -1812 -2360 11592 2310
3 2072 -10832 1900 -3602 10717 3192
3 2008 -13432 3588 -2259 8896 3185
3 1612 -15104 4628 -839 6791 3171
3 1348 -17116 4896 592 5093 3151
3 1968 -18880 5828 1841 2947 2290
3 2340 -19260 5796 1569 476 1159
3 2528 -18412 4128 490 -1962 527
3 3000 -17280 1288 1029 -3903 604
3 3032 -17272 -1144 1448 -5111 1156
3 2900 -18672 -3712 1600 -5627 1354

3 -440 -16064 -4100 407 -572 876
3 -536 -16632 -4488 294 -532 1008
3 -680 -17048 -4676 514 -262 874
3 -768 -17032 -5096 38 147 812
3 -524 -17196 -5216 -290 836 765
3 -456 -17732 -5012 -1083 1541 778
3 -540 -18188 -4444 -839 2113 609
3 -532 -18368 -3516 -689 2661 297
3 -880 -18860 -2796 -1049 3049 -8
3 -1312 -19328 -1820 -817 3542 -545
3 -1960 -19764 -412 -33 3813 -1513
3 -2156 -19284 1072 434 3807 -2710
3 -2684 -17964 3436 363 3305 -4068
3 -3228 -16096 5484 -589 2106 -5128
3 -3308 -13292 5900 -2149 -153 -5512
3 -3760 -10932 4676 -3343 -2302 -4633
3 -3588 -9440 3376 -1492 -4154 -3039
3 -3748 -9124 2100 2203 -6187 -1524
3 -2724 -8396 1488 4400 -8247 -644
3 -2532 -6900 -1048 5485 -9837 175
3 -1624 -5200 -3340 5560 -10432 1945
3 -1380 -5428 -5696 5136 -10412 4422
3 -1444 -8148 -8920 6475 -9520 6768
3 -1724 -10548 -10120 11686 -7611 7529
3 -1836 -11928 -7748 13514 -5767 7965
3 -1816 -13692 -5456 10450 -4705 7719
3 -2688 -16032 -5172 3161 -4783 7873
3 -3752 -20208 -7664 404 -4681 8055
3 -4632 -26800 -11096 5431 -3929 6948
3 -4556 -29924 -10576 11238 -2841 4401
3 -3904 -30016 -9728 9133 -2451 2051
3 -3376 -28272 -12184 4197 -1645 735
3 -3512 -27928 -15812 3127 838 -36
3 -2696 -27196 -16892 5988 4945 -746
3 -4236 -27500 -13112 6583 9267 -2271
3 -4468 -25976 -8848 337 11607 -3541
3 -2600 -22968 -7136 -3363 12917 -4459
3 -1828 -19492 -7464 -2197 14797 -3703
3 -3060 -18128 -5140 -1272 17482 -2482
3 -3404 -18024 -1132 -2838 19407 -795
3 -3260 -20332 2524 -4713 20518 -130
3 -3000 -22512 6844 -7274 20518 -694
3 -4264 -25000 8436 -8069 20017 -2356
3 -4964 -25616 12476 -8354 18828 -4107
3 -6380 -27388 13932 -9510 17526 -5935
3 -6796 -28192 17856 -9030 14694 -8367
3 -7212 -27252 20804 -8080 10494 -10903
3 -7924 -25632 21284 -6849 5087 -13039
3 -7096 -23088 19132 -5548 -167 -14025
3 -6496 -22628 16160 -3784 -4623 -14894
3 -6444 -20696 12576 -3430 -8124 -15706
3 -6284 -18928 8952 -3124 -10221 -16366
3 -5176 -15540 6824 -2525 -11340 -16682
3 -4372 -11992 4844 -2097 -12849 -16177
3 -3176 -8496 2044 -1505 -13937 -14316
3 -2768 -6236 -816 261 -14696 -11529
3 -1484 -4260 -3928 2717 -14682 -8718
3 -252 -3332 -6188 5620 -14475 -5857
3 1092 -2668 -7684 5431 -14171 -2759
3 1956 -4596 -10696 3151 -13865 25
3 2516 -7556 -14000 1227 -12502 1785
3 3428 -9972 -15296 -437 -10682 2581
3 3964 -12100 -17208 -667 -8432 2657
3 4224 -14372 -18684 800 -5597 2100
3 4656 -15280 -17240 676 -2551 1245
3 4756 -15364 -15400 -1333 -168 511
3 4408 -15008 -14456 -1750 2018 97
3 3924 -14716 -11816 -1737 4015 213
3 3196 -15488 -9016 -2286 5253 557
3 3156 -16416 -5988 -2047 5679 670
3 3400 -16820 -3732 -531 5127 679
3 2968 -17464 -2144 870 4140 475
3 2296 -17616 -1160 760 3249 196
3 2244 -17700 -760 129 2647 -12
3 2860 -16868 260 178 1664 -8

3 -560 -18004 -4488 -2773 -668 1238
3 -572 -17992 -4696 -2385 -23 951
3 -536 -17832 -4388 -2268 585 685
3 -112 -17556 -3180 -3019 899 531
3 -456 -17880 -3180 -3502 679 501
3 -1096 -18448 -3228 -3849 127 270
3 -544 -18252 -4048 -4865 -840 183
3 -772 -19268 -7336 -5050 -1513 131
3 -1332 -20708 -11304 -4621 -367 -978
3 -388 -21508 -13992 -6930 2184 -3192
3 -2136 -20492 -15352 -12976 5001 -5631
3 -2236 -17436 -18692 -16010 8896 -6998
3 -3084 -14428 -18464 -14736 13232 -7363
3 -2628 -11112 -15700 -15109 15893 -6862
3 -2484 -8208 -14724 -15011 16886 -5547
3 -3560 -5388 -13624 -13227 18872 -3880
3 -4632 -2972 -9120 -11845 20667 -1442
3 -4828 -1604 -3308 -10576 20778 1501
3 -3500 64 2596 -9056 18528 5163
3 -3360 -20 6196 -6663 14413 9314
3 -3740 -2188 8936 -2780 9631 13465
3 -5228 -6196 9228 1664 4461 16776
3 -6952 -13236 8320 6537 1070 18518
3 -6688 -18780 11340 7521 -3029 18218
3 -5116 -23856 9304 3539 -9157 17377
3 -5000 -29604 1592 5277 -12758 14351
3 -4360 -32472 -3228 9707 -13256 10612
3 -3000 -32768 -5660 12774 -12820 7356
3 -2792 -32768 -6812 10795 -11259 3834
3 -2276 -32768 -7116 4996 -8096 -107
3 -1008 -30844 -2888 3539 -6161 -3798
3 -180 -26688 536 3235 -6462 -5852
3 284 -21792 3872 2576 -9061 -6027
3 172 -18496 3716 58 -12992 -3640
3 -1256 -19604 -1832 2450 -15878 -1066
3 -2268 -24504 -5836 7840 -17219 121
3 -3364 -28580 -8248 8403 -18422 -1338
3 -4644 -29948 -14056 3054 -18084 -4291
3 -5504 -29652 -20976 -728 -14931 -7327
3 -5700 -27976 -24392 -1964 -9672 -10322
3 -5196 -24900 -24576 -3464 -4814 -11857
3 -4616 -22256 -23612 -2250 -872 -12861
3 -3932 -20464 -21292 -504 1905 -13281
3 -3232 -18396 -17364 -872 3575 -13636
3 -2664 -16168 -16112 -2446 4222 -13709
3 -2856 -13864 -16620 -3948 5260 -12605
3 -2800 -11744 -17264 -1916 7571 -10966
3 -2420 -10276 -15340 1510 10056 -9494
3 -2316 -9620 -10924 922 12037 -8719
3 -1488 -7988 -6368 -3715 12679 -8214
3 -620 -5748 -4768 -7482 12377 -6970
3 172 -3800 -2812 -7661 11984 -4653
3 1768 -3800 -1136 -5153 10895 -1670
3 2760 -6544 792 -2172 9212 238
3 2960 -8484 1860 -2152 8056 957
3 2296 -9700 3356 -3648 8098 1395
3 2820 -10592 6360 -5798 7745 2025
3 3480 -12304 8264 -5588 5941 3142
3 4004 -14812 8128 -2773 3167 3891
3 3844 -17296 7536 1453 531 3601
3 4360 -17968 6692 2071 -2188 3164
3 4476 -18848 3836 585 -4614 2757
3 4560 -19360 -236 333 -6125 2254
3 4356 -19244 -4564 1867 -6114 1899
3 3824 -19484 -6768 2998 -4876 1708
3 3816 -20312 -7228 2769 -3638 1171
3 3460 -20268 -7372 2009 -2614 29
3 3436 -19040 -7524 914 -1763 -954
3 3320 -17400 -7724 656 -1091 -1313
3 2776 -16416 -7444 711 -227 -1232
3 2800 -15724 -6200 524 409 -951
3 2756 -15492 -5460 -46 837 -616
3 2724 -15488 -4472 -699 812 -321
3 3004 -15332 -4480 -296 307 -71
3 2872 -15560 -4524 -52 -112 233

3 -1816 -16472 -7148 -416 -451 501
3 -1636 -17200 -7012 -535 64 149
3 -1704 -17936 -6460 -1063 371 -138
3 -2072 -18828 -6024 -1041 530 -735
3 -1888 -19440 -5264 -738 559 -1803
3 -1880 -19668 -4248 -1624 584 -3136
3 -1912 -18528 -3456 -1635 339 -4308
3 -1832 -16656 -3044 -1004 18 -4763
3 -1520 -14908 -1760 -479 -492 -4694
3 -1272 -13956 -188 -1282 -1309 -4362
3 -1540 -13276 200 -2392 -2346 -4181
3 -2180 -12800 600 -3832 -3663 -4270
3 -1628 -10464 92 -2929 -5374 -4009
3 -2036 -8164 -908 1692 -6620 -3013
3 -2612 -6200 -1056 4649 -7577 -1888
3 -3184 -4708 -692 5052 -8424 -610
3 -3660 -4572 -756 4262 -9068 937
3 -3616 -3812 -944 3962 -10615 3046
3 -4136 -5076 -2756 4696 -12650 6376
3 -5956 -9864 -6496 5258 -13863 9213
3 -7628 -16076 -10816 8092 -13307 9720
3 -7628 -19168 -13024 11669 -11657 8343
3 -7356 -19936 -12260 11616 -9010 5969
3 -6712 -17064 -10984 3930 -8020 5041
3 -6600 -17448 -16028 -2848 -7222 6545
3 -6948 -20688 -20352 -183 -4548 7671
3 -7544 -25468 -20572 6466 -720 7278
3 -8140 -28484 -17116 7194 2904 5013
3 -6888 -27764 -12460 3066 4943 1749
3 -6248 -24176 -11224 -2156 5069 -236
3 -5944 -19380 -13004 -2279 5455 320
3 -5784 -17164 -14116 2052 7211 1918
3 -4796 -16784 -12012 3236 8983 3195
3 -4384 -17996 -10360 -3 10715 3759
3 -4308 -19884 -10380 -3281 12533 4043
3 -4304 -21428 -10448 -2436 14581 3483
3 -5768 -22092 -9516 -133 17666 2601
3 -6444 -23840 -4932 236 20286 1800
3 -6476 -26584 1804 -3079 20466 -368
3 -5880 -26336 3404 -7017 18190 -2693
3 -6304 -24664 1932 -5835 16766 -3782
3 -7904 -25456 1944 -4961 17278 -4159
3 -8864 -27664 5560 -5622 17119 -5610
3 -7896 -28444 8268 -5577 14400 -7453
3 -7500 -28500 9108 -2981 10207 -9697
3 -6920 -28056 7792 -2647 6090 -11828
3 -6804 -27076 5420 -3648 2944 -13784
3 -6772 -25560 1656 -3714 1163 -15348
3 -6740 -23596 24 -1392 572 -16860
3 -5776 -20076 360 671 -19 -18075
3 -5380 -16532 1528 531 -1240 -18705
3 -4884 -12596 3004 -1413 -2886 -18613
3 -4476 -9100 2392 -2059 -4980 -17579
3 -2348 -5388 1704 -146 -7141 -15408
3 -1736 -3532 404 1672 -8832 -12615
3 -1136 -2812 188 2594 -10002 -9725
3 -128 -3196 824 2376 -11980 -7095
3 668 -3924 -412 1283 -14185 -5067
3 1524 -4840 -3568 266 -16503 -3233
3 2272 -5856 -8288 891 -17421 -1592
3 2288 -8860 -13140 1505 -16502 -861
3 2668 -10556 -15660 -460 -14169 -789
3 3124 -11592 -18496 -2974 -11904 -550
3 3732 -12740 -21204 -2133 -9184 -971
3 3680 -12784 -21412 -704 -5915 -1546
3 3884 -12000 -19524 -2027 -3426 -1180
3 3688 -12268 -18440 -2751 -1880 -300
3 3036 -13288 -17568 -1737 -603 46
3 2940 -13648 -15380 -888 524 222
3 2564 -13616 -13764 -1190 1279 548
3 2644 -14212 -12728 -2230 1841 1082
3 2720 -14864 -11960 -1419 2334 959
3 2560 -14628 -9884 -1336 2584 812
3 2316 -14396 -9360 -2556 2493 937
3 2804 -13928 -9472 -1783 2410 1354

3 -588 -15480 -7324 -703 -1634 -237
3 -776 -15584 -9260 -1010 -1579 -352
3 -672 -15936 -10384 -1390 -784 -566
3 -1108 -16300 -11140 -1818 115 -999
3 -156 -16256 -11992 -1677 635 -1077
3 -220 -16616 -12820 -1328 1396 -1596
3 -1008 -16028 -15132 -2233 2125 -2290
3 -828 -15032 -16004 -2650 3484 -2324
3 -860 -14544 -16504 -4008 5200 -2491
3 -228 -13136 -16028 -5742 6942 -3210
3 112 -10392 -15696 -6332 7929 -3839
3 -108 -6996 -16040 -6744 8839 -3416
3 -552 -3708 -15636 -7650 10785 -1861
3 -1368 -1528 -13744 -8265 13526 782
3 -2464 -812 -9372 -6500 15334 3486
3 -2636 -920 -3712 -5186 14180 7062
3 -3776 -3804 160 -4826 11554 10345
3 -5204 -8896 1540 -3620 8887 12343
3 -5764 -12144 4308 416 5759 12781
3 -6676 -14896 5400 1477 2189 13072
3 -7568 -19048 3516 2319 21 12812
3 -7220 -21868 3788 4242 -836 11350
3 -6612 -24336 6280 2568 -2915 8931
3 -5384 -24716 4596 3182 -7145 6807
3 -5636 -24636 236 5943 -9605 5377
3 -5344 -23136 -2224 8194 -10204 4222
3 -4988 -21504 -3532 7175 -10242 3657
3 -5432 -20840 -5544 5718 -9622 3427
3 -4180 -19664 -5124 6143 -7833 2750
3 -2552 -18068 -1256 2774 -8999 3374
3 -3368 -20308 -4512 -597 -11244 4625
3 -3864 -23840 -8068 1731 -11125 4151
3 -4292 -25416 -7968 3058 -10360 2755
3 -4580 -26168 -7680 1023 -9033 1051
3 -3100 -24772 -3948 -1928 -7633 -1194
3 -3632 -26016 -4868 -2087 -7758 -3297
3 -4928 -24756 -4540 -3819 -9335 -4581
3 -5580 -23796 -6472 -3397 -10306 -4878
3 -5640 -22568 -7376 -1643 -10297 -5227
3 -6444 -23228 -8892 -393 -9919 -6086
3 -6912 -22960 -10080 -927 -9283 -7520
3 -6364 -21360 -11144 -657 -8161 -8908
3 -5756 -19056 -10552 -42 -7478 -9729
3 -5900 -17324 -11224 -848 -7177 -9956
3 -5260 -15824 -12800 -622 -6910 -9447
3 -4760 -15296 -15352 1505 -6170 -8661
3 -5396 -16024 -17316 4654 -4375 -8409
3 -5120 -16072 -16252 2741 -2039 -8587
3 -4840 -16188 -16248 -1744 -504 -8757
3 -3752 -15936 -18220 -2907 920 -8795
3 -3816 -15124 -19136 -1265 3300 -8954
3 -3356 -13672 -18044 -978 5985 -8541
3 -2500 -12444 -16340 -2469 8108 -7773
3 -1944 -12760 -15324 -4274 9618 -6758
3 -1956 -13328 -15204 -3797 11288 -6135
3 -2080 -13392 -13244 -1477 13248 -6060
3 -2328 -12736 -9376 -1634 14319 -5881
3 -1140 -10680 -6336 -3183 14655 -5760
3 -160 -8232 -3736 -4895 14200 -4883
3 -484 -7916 -2988 -6774 14253 -2965
3 -604 -8464 1208 -5961 14096 -1092
3 132 -9400 4672 -4086 12253 548
3 924 -10380 7732 -2322 9154 1934
3 1140 -12320 7780 -921 5827 2951
3 1084 -14396 7572 748 3105 3107
3 1536 -15864 7484 935 285 2789
3 2204 -17008 5788 350 -2472 2407
3 2484 -17940 2396 450 -4466 1778
3 2900 -18068 -1136 1244 -5344 1177
3 3276 -17728 -4368 1787 -5312 874
3 2812 -18204 -6092 1103 -4422 857
3 2572 -18812 -6892 -246 -3052 478
3 2988 -19100 -7584 -637 -2283 101
3 2824 -18680 -7996 1139 -1758 -396
3 2452 -18664 -7720 552 -1110 -817

3 -992 -16168 -3860 -1692 1935 -423
3 -652 -17364 -3296 -1524 2267 -219
3 -728 -19328 -1912 -1575 2420 -744
3 -660 -20360 -616 -2088 2328 -2011
3 -864 -20804 248 -2366 2000 -3554
3 -1208 -20208 1788 -3518 1998 -5505
3 -1472 -18480 3276 -6212 1582 -7324
3 -1820 -16124 4804 -7975 915 -8642
3 -1212 -13092 5516 -9888 -572 -9199
3 -1440 -9964 4544 -8144 -2363 -8772
3 -1292 -6900 4376 -1463 -4427 -7324
3 -1120 -3496 4512 5809 -7557 -4724
3 -2332 -2436 3712 8605 -10546 -2080
3 -3224 -1248 2688 7091 -12228 -153
3 -2412 832 880 5238 -13945 2933
3 -4768 -676 -2896 3277 -15344 7316
3 -6496 -5736 -7820 1927 -15428 11602
3 -8144 -13400 -13480 6921 -13787 13414
3 -9008 -20180 -15208 12417 -10563 12294
3 -8440 -23140 -13088 10951 -7179 9480
3 -8716 -24476 -12732 1809 -5056 6730
3 -7864 -24232 -15116 -4222 -4108 5383
3 -6948 -24568 -20552 151 -2243 5423
3 -6200 -24040 -19572 7174 1163 5236
3 -6828 -24764 -15708 3975 4087 5038
3 -6660 -25780 -14324 -986 6150 4395
3 -6552 -25036 -12640 -1718 7836 3280
3 -5732 -23608 -10868 -1150 8773 2956
3 -5744 -22952 -10592 506 8945 2531
3 -5244 -21628 -9780 -672 10190 2533
3 -5116 -21620 -9204 -2810 11718 2468
3 -4224 -22308 -8488 -3387 12983 2348
3 -3284 -22528 -7708 -2215 14184 1797
3 -3568 -23328 -6768 -1194 15904 958
3 -4200 -23896 -3856 -2402 17535 -187
3 -3872 -24800 -872 -4176 18397 -1445
3 -3380 -25648 912 -3722 18121 -2719
3 -4136 -26084 2856 -2225 17550 -4161
3 -5072 -26028 5828 -3280 16555 -5750
3 -5620 -25876 7292 -5633 14960 -7218
3 -5992 -25524 7772 -6538 13186 -8327
3 -6312 -25068 8128 -5286 11177 -9179
3 -6860 -24640 11112 -3952 8333 -10298
3 -6488 -24000 11336 -3941 4414 -11742
3 -6092 -22124 11084 -3281 380 -13041
3 -5844 -19228 9128 -3423 -3239 -14056
3 -5608 -15788 6580 -2562 -6019 -14097
3 -3516 -12400 4156 -1811 -7885 -13287
3 -3408 -11228 1976 -910 -9272 -12174
3 -2704 -10708 628 -717 -10202 -11259
3 -2172 -10048 -412 -152 -11456 -10798
3 -768 -8420 -2572 526 -12725 -9818
3 -352 -7412 -5432 2006 -13262 -8570
3 228 -6852 -6460 1206 -13330 -7126
3 540 -7376 -8884 -114 -13363 -5332
3 832 -8504 -10928 -586 -12714 -3955
3 1536 -8840 -12836 -274 -12225 -2642
3 2080 -9956 -15072 361 -11056 -1742
3 2708 -11284 -16596 -1191 -9719 -1052
3 2756 -12812 -18512 -2240 -7781 -1113
3 2432 -12872 -19452 -2523 -5181 -1339
3 2596 -12472 -18156 -2897 -2327 -1231
3 2912 -12248 -15688 -3147 -604 -714
3 2860 -12952 -14468 -2533 69 -117
3 2652 -13656 -13440 -1054 812 114
3 2468 -14260 -11684 -549 1616 298
3 2192 -14536 -9956 -610 2163 99
3 2580 -14216 -7568 -1722 1936 207
3 2528 -14256 -7320 -1850 1247 483
3 2580 -14236 -7212 -529 768 599
3 2872 -14380 -7272 -661 574 825
3 2948 -14896 -7572 -1519 289 1160
3 2736 -16028 -8116 -1633 303 1269
3 2404 -16904 -8680 -417 671 722
3 2680 -16316 -7504 -250 776 313

3 320 -14424 -6960 369 110 -467
3 468 -13512 -6320 -1147 -758 -357
3 524 -13832 -7940 -1997 -1660 380
3 104 -15240 -10248 -183 -1792 652
3 -480 -16940 -11724 -107 -1135 173
3 -708 -18452 -14036 -1019 204 -970
3 -540 -17932 -14936 -1133 2087 -2216
3 -272 -17036 -15184 -904 3429 -3033
3 -484 -16304 -14732 -2534 4621 -3993
3 -544 -14332 -14076 -6363 5552 -4970
3 444 -12000 -14456 -10942 5815 -4618
3 -80 -10304 -16040 -11439 6280 -4071
3 -356 -7708 -16812 -9599 7105 -3144
3 -676 -4824 -16724 -7907 8501 -1380
3 -904 -3296 -14652 -4138 10468 525
3 -656 -1876 -9820 -3668 11212 2411
3 -828 -1392 -6540 -6523 10582 4369
3 -1312 -1528 -5724 -6304 9420 6386
3 -2768 -2268 -4340 -2522 8541 9188
3 -4616 -5504 -1512 808 7546 12193
3 -5144 -11256 1696 3123 5364 13467
3 -4992 -15692 2580 3273 2469 12675
3 -5084 -18144 2316 3365 70 11266
3 -5768 -20048 32 3700 -682 10327
3 -5056 -21604 228 5197 -1885 9169
3 -3940 -22356 -416 6092 -3583 7949
3 -3796 -22936 -1096 4519 -4821 6888
3 -3900 -23212 -2820 4211 -5858 6004
3 -4072 -23728 -3720 4987 -6482 5365
3 -4012 -25500 -4204 4366 -6882 4554
3 -4212 -26848 -3876 2851 -7339 2745
3 -3924 -26204 -3852 1984 -8116 252
3 -3332 -23484 -4164 750 -9373 -1092
3 -3304 -20900 -6240 1447 -10368 -1366
3 -2744 -19272 -8076 3422 -10037 -984
3 -2824 -22196 -10484 2642 -9144 -1138
3 -2576 -20264 -5716 -1694 -9464 -1194
3 -2532 -20680 -6968 -2947 -10409 -1522
3 -2852 -21520 -8060 -376 -10888 -1774
3 -4196 -23340 -8636 246 -10858 -2498
3 -4752 -24460 -9352 -2328 -10636 -3769
3 -4536 -24436 -12188 -2945 -9950 -5100
3 -4468 -22932 -12280 87 -8806 -6547
3 -4576 -20656 -11360 960 -7589 -7490
3 -4564 -18704 -10316 -1372 -7523 -7856
3 -4896 -18476 -12468 -2301 -7510 -7881
3 -4868 -18116 -14496 -1620 -7127 -8011
3 -4940 -17908 -16716 -671 -5886 -8102
3 -4696 -17736 -17384 -278 -4241 -8094
3 -4044 -17864 -17704 -1221 -2815 -8343
3 -3616 -18308 -18344 -2068 -1449 -8347
3 -3848 -19024 -18728 -1727 215 -8475
3 -3296 -20268 -19096 -1606 2302 -8435
3 -3408 -20876 -18012 448 4552 -9229
3 -3480 -20888 -16032 1615 6647 -10792
3 -3248 -18580 -14072 2805 8135 -12957
3 -3568 -14236 -12292 1984 9295 -14159
3 -3104 -10272 -10980 -635 10567 -13911
3 -2344 -6148 -8560 -3790 11148 -11907
3 -1008 -3656 -8528 -4456 11116 -8935
3 -96 -2968 -7872 -3038 10870 -5733
3 1028 -2424 -6740 -3691 9952 -2525
3 1564 -3136 -7628 -4654 9058 502
3 2100 -3324 -8344 -4199 8625 2615
3 2328 -4092 -8864 -5356 9021 4981
3 2308 -6580 -7888 -6303 9889 6340
3 2628 -9168 -6276 -6933 9998 6400
3 3164 -10728 -4456 -7099 9356 6388
3 3376 -12764 -3700 -5807 8526 6574
3 3096 -16020 -2592 -3311 8014 5933
3 2696 -17304 -896 -2053 7022 5364
3 1456 -20012 228 -2023 6509 4638
3 1448 -21404 1916 -1130 5605 3633
3 1884 -21812 3276 1597 3432 2339
3 2268 -21544 3116 3034 923 1058

3 -756 -16112 -1412 -162 829 15
3 -1012 -16312 -1156 -59 655 222
3 -1208 -16556 -724 -3 282 270
3 -1336 -16656 -1496 794 -155 199
3 -1056 -15660 -2084 952 -577 422
3 -1020 -15016 -3908 1111 -776 872
3 -688 -14296 -5736 2396 -630 1580
3 -888 -14996 -6820 2561 -219 2833
3 -1192 -17264 -7644 2211 145 3410
3 -1244 -19156 -8292 1391 779 3194
3 -1028 -20504 -9680 1355 1521 2560
3 -852 -21388 -10880 -38 2570 1748
3 -536 -21288 -12792 -1155 4356 1159
3 -916 -21020 -13000 1214 7720 760
3 -1444 -22464 -9464 -46 11248 358
3 -1040 -23616 -4496 -2385 13791 -1206
3 -736 -23188 12 -5786 14404 -2722
3 -1048 -22860 2508 -7750 14167 -2685
3 -3860 -24580 5124 -6211 13901 -3337
3 -5188 -25816 8172 -7471 12710 -4171
3 -5872 -27040 10160 -8029 10502 -5661
3 -6216 -26876 10896 -7533 7590 -7359
3 -7124 -26300 9844 -7293 4782 -9024
3 -6660 -24640 8360 -7075 2710 -10491
3 -6348 -23080 6456 -5822 1330 -11868
3 -5032 -20736 6400 -5301 67 -13377
3 -3588 -17628 5728 -5674 -2136 -14090
3 -2616 -14380 3316 -6167 -4324 -13835
3 -3128 -12908 -768 -5059 -4772 -12989
3 -3348 -11960 -744 -2023 -3765 -12246
3 -2260 -11416 2004 -1099 -4096 -12000
3 -1480 -9608 4044 -1827 -6691 -12093
3 -880 -7320 1864 -3380 -9210 -11659
3 -436 -5144 -1152 -1309 -10409 -10117
3 360 -3832 -1852 1149 -10746 -8167
3 940 -4092 -1516 2400 -11501 -6341
3 1532 -3696 -1644 1417 -12861 -4816
3 1992 -4232 -4440 1063 -13456 -3294
3 2512 -4604 -5592 899 -13899 -2014
3 1644 -6060 -6956 1585 -13735 -1053
3 1764 -5448 -6896 2117 -13979 -145
3 1768 -6080 -8416 1051 -13929 1657
3 2008 -6724 -11284 2037 -13859 2911
3 1840 -7532 -14064 4588 -11979 3962
3 1824 -7164 -12020 6006 -9099 4388
3 1952 -6868 -9532 1670 -9383 6171
3 1500 -8160 -13660 345 -10640 8595
3 744 -10412 -19192 4609 -9158 10219
3 352 -12000 -20228 8291 -5048 11024
3 32 -15080 -17140 4237 -1541 11374
3 488 -18660 -15692 -4438 -1148 11341
3 -644 -21200 -20784 -6498 -1132 10991
3 -1464 -22232 -25000 162 1184 10939
3 -2168 -25008 -25176 4155 5068 10217
3 -2224 -26800 -23332 2621 9397 7994
3 -2108 -25628 -20068 435 13065 5723
3 -2004 -22992 -16692 694 15442 4385
3 -2672 -21332 -12152 654 17179 4244
3 -3052 -21952 -7528 -1885 17468 4207
3 -2840 -22056 -4556 -4863 16800 3943
3 -3072 -22292 -3352 -4303 16239 3644
3 -2844 -22068 -204 -3441 15628 3292
3 -3948 -23632 3076 -2848 14302 2653
3 -4176 -25092 6292 -3247 12276 1076
3 -3536 -24388 8644 -3240 9143 -859
3 -3488 -23204 8540 -1307 5654 -2461
3 -2100 -20720 8520 -26 1696 -3234
3 -1792 -19164 5536 1580 -1798 -3709
3 -1196 -16768 2416 1939 -3744 -3754
3 -588 -15044 -1240 1756 -4576 -3235
3 -268 -14276 -3516 2928 -4424 -2608
3 852 -13124 -4728 3665 -4477 -2222
3 1372 -12200 -6088 2971 -4768 -1303
3 1212 -12956 -8368 2048 -4147 -630
3 752 -13400 -9416 1115 -2955 -227

3 5288 -17776 -1064 -1698 2965 1366
3 5984 -17728 -1124 -1181 2569 1158
3 6200 -17420 -1776 -777 2401 866
3 6464 -16644 -2244 -460 2854 775
3 6376 -16112 -2192 -96 3560 1059
3 6248 -15992 -1848 170 4209 1417
3 5860 -15920 -1256 596 4297 1547
3 5336 -15108 -1084 1113 3939 1763
3 5708 -14296 -1072 1074 3562 2191
3 6248 -12752 -1800 1463 3068 2661
3 6420 -11108 -2808 1154 3257 3810
3 5764 -10832 -3488 912 4326 5158
3 4484 -11800 -2868 114 5758 6359
3 4020 -12656 -1140 -290 6195 6916
3 3248 -14028 324 -1542 6137 7306
3 2968 -15388 936 -4274 6077 7383
3 3612 -15876 696 -3387 5319 7183
3 3160 -15376 392 -933 4288 6764
3 3756 -13612 -612 1203 3186 6695
3 3672 -12652 -1864 3037 2094 7032
3 4120 -11496 -3440 2781 358 7911
3 4444 -11924 -8812 3609 -1902 9863
3 2032 -14896 -16268 8723 -1532 11667
3 408 -16764 -18552 12627 2724 12841
3 -2368 -25020 -17316 10112 9241 13104
3 -4188 -32768 -11116 -5870 14737 9726
3 -4000 -32768 -11336 -17904 19104 4843
3 -3456 -32768 -8628 -13346 23489 1091
3 -4932 -32768 252 -5842 24856 -2403
3 -6736 -32768 7880 -7740 23917 -6839
3 -5960 -32768 10796 -13139 22661 -9688
3 -6256 -32768 14028 -11862 21267 -11758
3 -7572 -32768 17748 -9496 18145 -14372
3 -8668 -32768 23572 -6840 12783 -17985
3 -9632 -30868 24440 -8563 6163 -21882
3 -10312 -25492 20792 -7395 920 -25470
3 -9868 -17444 19252 -5264 -4570 -27070
3 -8880 -8120 17884 -7294 -9959 -26142
3 -8912 -1036 12884 -12178 -14251 -22397
3 -7652 688 6616 -7158 -14681 -19684
3 -6488 4076 6892 -1507 -15096 -16574
3 -6324 7836 9540 -186 -17715 -12726
3 -5532 9616 5348 2355 -21644 -9016
3 -4052 11300 204 3190 -23516 -4723
3 -3980 11412 -4872 6200 -22681 -468
3 -3036 11388 -7912 12068 -21552 3539
3 -1884 9508 -10184 17061 -22218 8149
3 -2372 5068 -13396 15893 -23243 12241
3 -3944 -756 -22564 12536 -21436 14405
3 -3588 -4720 -28696 13543 -17083 16405
3 -3860 -11004 -32768 15415 -13103 17920
3 -3036 -17532 -32768 13868 -9071 18737
3 -2820 -23644 -32768 10787 -2474 18360
3 -2088 -29628 -32768 5936 7415 16756
3 -3512 -32768 -32768 3638 16451 13125
3 -4996 -32768 -30580 1082 23191 10407
3 -4436 -32768 -20708 534 27917 9081
3 -6192 -32768 -10096 -347 31658 6849
3 -7520 -32768 1196 -669 32767 2911
3 -7420 -32768 15716 -1018 30863 -1723
3 -5820 -32768 24184 -4351 23290 -5743
3 -2876 -26632 26144 -5021 13442 -7865
3 -1792 -18724 22636 -4716 4569 -7621
3 -1584 -14752 15744 -5035 -1091 -5703
3 -28 -14588 8000 -2812 -3416 -3817
3 1024 -13928 4620 574 -5092 -3086
3 1788 -11988 2148 3647 -6271 -2357
3 1900 -11652 -1104 4195 -6579 -1510
3 1588 -11288 -3492 177 -6180 -339
3 1240 -12664 -6756 36 -4870 360
3 1624 -13788 -6184 4107 -3852 583
3 1936 -14580 -5308 4102 -3748 996
3 1748 -15468 -6984 690 -3444 1125
3 1180 -16340 -8772 -1542 -2067 1056
3 1580 -16712 -8768 -570 -366 910

3 -1792 -16276 -2972 -88 -967 779
3 -1736 -16680 -3888 -716 -931 914
3 -1904 -17096 -4812 396 -273 834
3 -2220 -17304 -3956 1175 692 652
3 -1904 -16972 -2784 725 785 417
3 -1272 -15988 -2892 87 66 540
3 -236 -15024 -4996 1153 -490 1354
3 -236 -14380 -6028 1504 162 2432
3 -240 -15788 -6256 -728 1196 3536
3 -240 -19024 -6668 -4686 2399 4080
3 -652 -23136 -7408 -6048 3684 3496
3 -2132 -27036 -7756 -5498 5180 1656
3 -3240 -28680 -7040 -2424 7107 -1219
3 -4580 -28996 -4288 -1393 8869 -4575
3 -5404 -28612 -988 -2680 10225 -7778
3 -6780 -27404 3292 -3792 10586 -10903
3 -6996 -25452 7164 -5569 9441 -13482
3 -7328 -23040 9644 -5718 6913 -15280
3 -6932 -20264 11124 -4386 3372 -16259
3 -6576 -16800 11368 -2567 -492 -15947
3 -5880 -14404 11504 284 -4432 -14963
3 -5260 -12792 11260 945 -9179 -13605
3 -4596 -11408 8136 -207 -13541 -12123
3 -3896 -10736 3728 38 -15983 -10529
3 -3412 -10144 204 2392 -16830 -9511
3 -2796 -9300 -1892 3421 -17308 -8721
3 -2364 -7996 -3364 1688 -17530 -7617
3 -2068 -6260 -6328 736 -17199 -6585
3 -1432 -4468 -8316 2252 -16114 -5764
3 -1392 -1700 -9300 4108 -14359 -5058
3 -88 1880 -7660 2808 -13484 -2581
3 1252 3240 -8984 800 -13913 1317
3 672 1320 -12828 1202 -13810 5517
3 -524 -1420 -16308 4373 -12060 8777
3 196 -4164 -16632 7219 -10663 11582
3 -416 -8444 -18248 7229 -9254 13405
3 -1656 -12984 -21476 7041 -6587 13748
3 -2104 -16956 -20824 6592 -2767 13058
3 -1868 -20684 -19044 5864 -923 11973
3 -1560 -22048 -20044 3367 376 11095
3 -3156 -25812 -22120 2929 3643 9789
3 -2672 -26552 -20424 3649 7374 8090
3 -3072 -29104 -17816 5059 9598 6622
3 -3260 -29592 -15188 4037 10930 4391
3 -3828 -29308 -16108 4429 12689 2325
3 -2904 -25600 -12128 2958 15204 1149
3 -4188 -24328 -9984 261 17126 1041
3 -3296 -25488 -7008 829 18078 1033
3 -3260 -28508 -3616 3538 18619 -508
3 -3944 -28536 -312 740 18744 -2993
3 -3844 -25884 2208 -3529 18807 -4586
3 -2392 -23212 3612 -5391 17862 -4735
3 -116 -20764 4680 -5582 15836 -4328
3 -880 -18944 4348 -4949 15082 -3452
3 -1696 -19104 5904 -4336 15112 -2294
3 -1884 -21464 9948 -6562 12925 -1613
3 -1324 -24588 11220 -7950 9373 -2377
3 -2096 -26716 10236 -6511 5969 -4250
3 -2068 -26564 8860 -5591 3517 -6611
3 -2300 -26416 7104 -4890 1941 -8743
3 -2620 -26064 7460 -5637 574 -10954
3 -2144 -23452 6744 -7443 -1480 -12657
3 -1924 -20696 4952 -6917 -3199 -13679
3 -1504 -17744 3160 -5994 -4731 -13675
3 -936 -15696 1532 -6379 -6085 -13088
3 -740 -13964 -284 -5272 -6743 -12386
3 -452 -12380 -1388 -3311 -7233 -11185
3 -784 -11512 -1788 -1325 -7748 -10032
3 -204 -10320 -1332 15 -8503 -8938
3 448 -9492 -928 1250 -9572 -8282
3 964 -7984 -1432 586 -11334 -7244
3 1660 -7180 -4948 921 -12986 -5306
3 2148 -7944 -8424 3543 -13206 -3820
3 2996 -7992 -10576 5154 -12792 -2817
3 3844 -9080 -13452 3031 -12404 -1616

3 1620 -17028 -4292 -1123 749 1216
3 1352 -17620 -5208 -1322 1131 1379
3 1576 -18020 -5516 -1297 1730 1736
3 1788 -18592 -5500 -2077 2284 1862
3 2088 -18716 -6268 -5355 2882 1730
3 2228 -19040 -8028 -7924 4498 1624
3 3048 -19428 -7340 -9892 6525 1643
3 3096 -20476 -6820 -12993 7535 2391
3 3340 -23676 -7280 -11550 8689 2467
3 2308 -26924 -6188 -9427 10202 1185
3 676 -29180 -3704 -8469 12092 -1442
3 -1608 -30680 -360 -10898 13431 -4499
3 -3876 -30380 2716 -14071 13801 -7772
3 -5568 -29268 5656 -13050 12928 -10503
3 -6688 -28588 9112 -9650 10036 -13157
3 -6484 -26068 11076 -5264 5802 -15905
3 -6688 -23060 11524 -1717 905 -18522
3 -6976 -17728 10888 -1026 -4200 -20383
3 -6476 -12088 8420 -2457 -8598 -20430
3 -5364 -7480 3988 -1529 -11095 -18677
3 -4236 -4948 2248 1993 -12881 -16126
3 -3168 -3348 936 5048 -15027 -13233
3 -2420 -1976 -848 7499 -17882 -10306
3 -2536 -2096 -4504 8153 -19894 -7732
3 -2720 -1684 -7632 5724 -19765 -5800
3 -1672 -628 -11036 3870 -19189 -3793
3 -1092 -568 -14480 4949 -18242 -1088
3 -1544 -2176 -17512 7915 -16195 1289
3 -1152 -4224 -18772 9642 -13005 2428
3 748 -4308 -16576 7248 -11084 3644
3 252 -5352 -18848 5869 -10198 4924
3 -360 -6156 -21564 6698 -7841 6398
3 -996 -7216 -19824 9070 -4217 7142
3 376 -8584 -14700 6944 -2309 8145
3 1052 -10668 -13716 3758 -4213 9692
3 -336 -14980 -18244 4990 -4240 10254
3 268 -17292 -18960 8977 -2667 10250
3 616 -20048 -19280 5814 -1259 10751
3 644 -23444 -22228 1483 1270 10133
3 56 -24548 -23796 2299 5085 8883
3 788 -25240 -21352 7074 7949 7366
3 -56 -24104 -17948 2741 9322 7455
3 0 -24112 -17068 -431 10700 6843
3 88 -24064 -16196 -1485 12518 6694
3 940 -25816 -14520 710 13363 6668
3 -792 -28920 -14708 1997 14805 5406
3 -2588 -29868 -13092 -387 17836 3195
3 -1968 -27052 -8464 -4561 19941 1241
3 328 -23124 -5568 -4632 19863 309
3 2440 -17680 -2924 -4724 18699 1327
3 1920 -16060 -1868 -5370 18150 4002
3 2328 -19000 -140 -5468 17346 6018
3 2972 -24104 612 -6206 15745 5946
3 2792 -27224 -1196 -6083 14580 4462
3 512 -29800 548 -6319 14837 1860
3 -1568 -31148 3384 -8994 14333 -771
3 -3808 -31516 4784 -9395 12652 -2967
3 -3952 -31608 6452 -6836 10341 -5009
3 -4372 -32404 7664 -3776 7174 -7803
3 -4512 -30936 7184 -3949 4259 -11305
3 -4452 -28072 5760 -3082 2081 -14673
3 -3704 -23096 6324 -4775 -485 -16982
3 -3336 -18216 4460 -6535 -3422 -18004
3 -3148 -12824 1144 -6094 -5475 -17196
3 -2572 -9836 -1496 -3646 -5927 -15578
3 -1816 -8560 -1556 -2512 -5860 -13868
3 -848 -7340 32 -2875 -7000 -12733
3 -364 -5620 -1232 -1973 -9390 -11603
3 992 -3184 -3784 853 -10940 -9563
3 1184 -1948 -4856 2789 -11909 -6888
3 1780 -1972 -7464 3633 -13465 -3847
3 2988 -4068 -11608 4560 -14439 -1765
3 3244 -6728 -16440 4878 -13060 -1125
3 4456 -8456 -18660 3817 -10616 -1572
3 4776 -8932 -19676 1088 -8163 -2346

3 4924 -14316 -6724 -492 2583 2399
3 4628 -14760 -6728 -967 3167 2881
3 4160 -15648 -6332 -703 3448 3393
3 3468 -17272 -7212 947 3559 2864
3 3036 -16728 -7632 2856 4181 1526
3 2184 -15048 -8288 5636 5880 460
3 520 -13432 -8216 10085 9460 -2040
3 3496 -7112 -1340 8471 9396 -205
3 1800 -6540 -2736 9189 6917 3620
3 680 -9516 -5952 10599 5210 7046
3 820 -12640 -10420 13801 5803 8165
3 928 -11636 -14108 14311 7450 8612
3 1476 -9548 -18656 7948 11986 11024
3 1940 -11092 -21040 -2178 20033 15633
3 656 -18916 -17272 -5026 27572 18994
3 1108 -27164 -8380 -5432 30882 19012
3 3824 -32768 -1184 -8965 30316 16750
3 5156 -32768 2496 -9436 28454 11681
3 3348 -32768 5292 -9404 27216 5172
3 -1588 -32768 8756 -7846 26142 -1532
3 -6740 -32768 13368 -6305 24470 -6606
3 -9736 -32768 17656 -5154 20450 -9386
3 -11132 -30376 20284 -5200 14363 -11843
3 -10716 -28256 20728 -5176 7479 -14057
3 -8800 -25148 18656 -1459 213 -16214
3 -9060 -20420 16528 2771 -6309 -17863
3 -8564 -15172 13944 4174 -11545 -18725
3 -7052 -9448 10388 4492 -15885 -17977
3 -5720 -4592 5540 6448 -19566 -15997
3 -4512 -792 1800 7277 -21392 -12604
3 -3940 356 -848 3994 -20464 -9126
3 -3284 -932 -2300 400 -18818 -7034
3 -3800 -1956 -4044 119 -17881 -6503
3 -3696 -1072 -5072 2391 -17354 -5902
3 -4172 -2128 -6044 5200 -17038 -5035
3 -2776 -792 -6252 5425 -18603 -4272
3 -3352 96 -10960 2342 -20726 -1892
3 -3260 636 -18772 2019 -18929 1316
3 -964 396 -19504 3030 -14389 4949
3 2636 -2100 -19448 4475 -13932 9551
3 2860 -7168 -24368 8187 -14879 12764
3 1288 -12536 -30268 9065 -11443 14507
3 1820 -17176 -31160 6408 -5109 15057
3 2168 -21740 -30376 5105 761 14224
3 1692 -24824 -26532 2717 5864 11913
3 2764 -24052 -22204 870 8838 10678
3 3052 -24832 -18480 1976 9808 10305
3 1120 -27200 -16672 -374 10497 9636
3 3212 -28504 -16260 -31 10522 7856
3 2624 -28220 -17516 -1021 11245 6672
3 1688 -28300 -18280 630 14548 5425
3 1024 -29144 -14836 1219 18226 3942
3 152 -30356 -10068 -156 20653 1652
3 -740 -28180 -4800 -2483 21604 -1011
3 2852 -20508 464 -5242 20176 -1776
3 5372 -15336 572 -5020 18132 805
3 4836 -16520 2480 -4188 17485 4151
3 4456 -21884 5260 -6209 16929 5697
3 5828 -25212 8712 -8378 14351 4673
3 6864 -27784 8968 -8619 11146 2504
3 3624 -29348 6284 -9260 9027 481
3 328 -31112 4212 -9857 8462 -864
3 -1524 -32768 4052 -8509 8102 -2806
3 -3248 -32768 4824 -7321 7220 -5740
3 -4204 -32768 6516 -6085 5319 -9742
3 -6216 -32768 7232 -6817 2826 -14144
3 -6620 -27416 5972 -7878 228 -17229
3 -6604 -21548 4524 -7034 -2027 -18653
3 -5916 -17052 4444 -6082 -3954 -19045
3 -4968 -12400 4516 -6373 -6648 -19019
3 -3976 -7544 1912 -7081 -9541 -17750
3 -2740 -3648 -2400 -5093 -10710 -15583
3 -1680 -768 -5284 -1601 -10264 -12907
3 772 384 -5928 2114 -10794 -9760
3 2292 8 -8664 5123 -12352 -6758

3 6156 -15360 -3148 -3643 -319 -906
3 6348 -14228 -5696 -2770 -376 -227
3 6652 -13804 -6788 -661 -158 487
3 6564 -12932 -7984 1771 -202 767
3 6156 -11840 -9780 2288 -296 1638
3 5872 -9584 -11660 2668 -226 2507
3 5040 -7124 -14660 2815 359 4140
3 4988 -5136 -15648 1800 1554 7036
3 4540 -6068 -15820 -1325 2861 9933
3 4180 -8808 -16652 -3806 4223 12242
3 4656 -11888 -16040 -3555 5908 13686
3 5832 -15360 -14976 -3389 7616 14366
3 7504 -17508 -11740 -7973 9484 14200
3 9680 -18532 -10992 -16276 10528 14638
3 8104 -22880 -13340 -12901 12447 15374
3 5888 -28776 -7620 -5946 14452 14585
3 2560 -32768 -3100 -7757 14928 12114
3 -1336 -32768 -36 -8561 15541 7808
3 -4768 -32768 4000 -9111 14731 2626
3 -5876 -32768 6184 -8975 12379 -1840
3 -7632 -32768 7364 -5667 10027 -6257
3 -8536 -32768 9660 -3452 7333 -10275
3 -8376 -30260 10864 -3619 3527 -13822
3 -8340 -24732 9796 -3311 -884 -17377
3 -6504 -16316 6180 -3579 -4411 -18751
3 -4960 -10156 3848 -1227 -6433 -18077
3 -3404 -7232 2000 -819 -7663 -16543
3 -2748 -6256 1232 -1051 -8589 -15394
3 -2692 -5820 232 -1189 -9935 -14326
3 -2904 -5752 -764 -892 -11377 -13554
3 -3116 -4696 -1904 -641 -12997 -12820
3 -2884 -3724 -4232 -469 -14530 -11626
3 -2468 -2684 -7600 1527 -15518 -9740
3 -2420 -2520 -9932 3888 -15261 -7806
3 -2124 -3260 -10496 5504 -14693 -6125
3 -1468 -3636 -10704 5287 -15518 -4815
3 -992 -2872 -15068 3930 -15417 -3458
3 -736 -2436 -17776 4097 -12342 -1734
3 704 -3084 -15144 4597 -10858 1
3 1288 -4292 -17316 3090 -11082 1697
3 1520 -3632 -20992 4560 -10000 2983
3 2388 -3364 -21312 6451 -7193 5596
3 3500 -6972 -18636 5873 -6652 7897
3 2708 -11512 -20600 2631 -6382 8657
3 2708 -12612 -22128 3112 -4780 8471
3 2644 -13748 -20980 4024 -2885 9007
3 3032 -15196 -18240 1563 -2335 9174
3 2976 -17172 -20856 -91 -2035 9815
3 1172 -18732 -22992 1574 -701 10157
3 1472 -22368 -22116 4570 1526 9376
3 932 -23776 -20804 2627 2883 7928
3 880 -24768 -23124 1839 5095 6083
3 932 -24532 -22212 2394 8296 4585
3 124 -22748 -18372 622 10974 3376
3 408 -20996 -14824 -1828 12129 2354
3 1932 -16800 -13076 -1451 12018 2127
3 2872 -12608 -11476 -943 11502 3576
3 3396 -11888 -10480 -861 11077 5746
3 3232 -12548 -8984 -1806 10933 7180
3 2656 -14348 -9216 -3141 10802 7739
3 2692 -14304 -9084 -4346 10839 8415
3 2876 -16436 -8668 -4644 11012 8913
3 3292 -19684 -8904 -5317 11265 8728
3 2672 -21972 -7700 -3213 11291 7260
3 2408 -21976 -7080 -3032 10916 5922
3 2428 -21364 -7016 -4777 10700 5398
3 1560 -24404 -7704 -5903 11011 5137
3 1468 -28192 -5668 -3184 11120 3298
3 1232 -29292 -2524 -2209 10001 9
3 544 -28032 -3332 -2889 8311 -2640
3 136 -24272 -4196 -2413 7024 -4051
3 -420 -22480 -4360 -3296 6456 -4061
3 -1296 -23932 -2832 -4064 5384 -4236
3 -1952 -26324 -1984 -4916 3207 -6033
3 -2092 -25168 -3496 -4326 1066 -8660

3 464 -5360 -19044 -2339 936 -1793
3 272 -4496 -19472 -4917 1121 -1888
3 208 -2680 -22336 -6294 1990 -1499
3 188 -1476 -22680 -6075 3671 -915
3 -444 -492 -22164 -6915 5054 -434
3 -336 2116 -21732 -8819 6027 499
3 -1008 3744 -22036 -8228 6936 2209
3 -608 4688 -21020 -6700 7884 3866
3 -572 5092 -19084 -6347 7944 5283
3 -1096 5764 -18832 -6228 7876 6544
3 -1128 6856 -17936 -4148 8294 8114
3 -988 6420 -14500 -2524 8447 10072
3 -1248 4688 -10884 -4242 7063 11720
3 -1528 2876 -10512 -4338 4810 12719
3 -1740 1500 -10456 -339 2779 13349
3 -1580 84 -9872 3792 1532 13830
3 -1748 -1680 -8340 5452 516 13956
3 -1844 -3572 -6176 2953 -1390 13887
3 -2660 -5964 -9096 2656 -3799 13531
3 -2584 -7732 -12296 8499 -4378 12861
3 -1688 -9212 -10676 11147 -3725 12170
3 -2428 -11736 -9072 5623 -4319 11100
3 -2688 -12496 -12124 283 -6014 10002
3 -2076 -13224 -16504 4079 -6098 8995
3 -1640 -14572 -16080 9201 -4775 8080
3 -1640 -16032 -12304 9230 -5373 6510
3 -2260 -14568 -13124 1531 -7423 5076
3 -2024 -13352 -18204 1701 -7342 4751
3 -1584 -13900 -17068 4965 -6864 4666
3 -992 -14692 -16256 4201 -7612 3942
3 -964 -16228 -18568 4028 -8009 2803
3 -676 -16000 -19572 1854 -7904 1201
3 -1124 -15124 -21508 793 -6450 -136
3 -1392 -14904 -19524 619 -5319 -632
3 -1484 -15928 -18308 -460 -5063 -1599
3 -1800 -16704 -16580 155 -5485 -2770
3 -1108 -17876 -15636 -601 -6981 -4419
3 -1896 -18184 -19256 -1479 -8385 -7009
3 -1912 -15416 -21856 -1402 -8311 -8834
3 -1988 -14028 -22468 -1173 -7532 -9293
3 -2296 -15812 -22440 117 -7376 -10553
3 -2236 -16228 -22780 -625 -6723 -12532
3 -2728 -13440 -22504 -2297 -5619 -14227
3 -3076 -10252 -21768 -3605 -4938 -14447
3 -3372 -8024 -22084 -4651 -4560 -13713
3 -3444 -7728 -22888 -2844 -4010 -12873
3 -4120 -8152 -23604 -545 -3474 -12737
3 -4364 -7176 -23132 -1910 -2421 -12556
3 -5028 -6568 -23416 -4277 -1196 -12654
3 -5636 -5088 -24960 -4970 226 -12492
3 -5808 -3860 -25696 -2467 1749 -11751
3 -5812 -2444 -24772 -2404 3079 -11311
3 -5324 -928 -24764 -3794 4636 -10378
3 -5012 24 -24548 -4078 6095 -9045
3 -4744 164 -24092 -2607 7403 -7697
3 -3816 76 -22632 -661 8498 -6564
3 -2972 964 -20856 -2602 8740 -5137
3 -2592 508 -21244 -4293 8852 -3622
3 -2524 -56 -22224 -4653 9116 -2254
3 -2392 96 -22820 -2956 9809 -1017
3 -1860 320 -21792 -2107 10760 284
3 -1624 -104 -20368 -3430 11184 1686
3 -1488 -1480 -19224 -4290 11120 2604
3 -708 -1432 -18544 -4024 10887 3280
3 -456 -560 -17668 -3725 10525 4105
3 276 608 -17300 -4339 10617 5299
3 884 1288 -15596 -4432 11069 6798
3 1040 -372 -13772 -6084 10722 8402
3 1512 -2380 -13000 -6806 10230 9068
3 1812 -3696 -11792 -5144 9530 9309
3 1964 -5180 -8776 -3527 8921 9358
3 2064 -6748 -4428 -3321 6853 9052
3 3068 -7624 -2956 -1833 3839 8836
3 3964 -8480 -3840 -1675 1530 8827
3 4336 -10620 -6216 828 -243 8744

3 1972 -10984 -14044 4166 4595 3064
3 1872 -10252 -14204 5837 5048 3466
3 1964 -9004 -14792 7817 5735 4270
3 2016 -7520 -13652 9166 6334 5440
3 1772 -7100 -13628 8596 7101 6824
3 2900 -6200 -12240 8098 7851 8441
3 3356 -6228 -10628 5206 7950 10691
3 3276 -7820 -9768 3531 7882 12893
3 4164 -9624 -8056 2988 7492 14148
3 4876 -11084 -7676 -1354 5609 15536
3 4536 -14160 -11632 -3380 4167 16566
3 4468 -18840 -15192 -502 5229 16355
3 4264 -23592 -13496 -339 7757 15231
3 140 -29208 -11980 -4425 9221 12865
3 -3848 -31668 -11824 -6358 10332 9463
3 -7736 -32768 -10364 -4109 11728 5455
3 -10404 -32768 -6428 -3346 11940 -31
3 -11404 -32768 -3632 -5048 11067 -6373
3 -10568 -32768 -2348 -6504 9720 -11565
3 -9348 -30656 -40 -6306 7995 -15993
3 -8392 -25584 80 -5849 5812 -19466
3 -7688 -20484 224 -3743 3498 -21567
3 -6756 -15244 924 -1149 965 -22250
3 -4796 -11712 1204 -313 -2038 -21824
3 -3372 -8920 188 -2149 -4866 -20705
3 -2788 -6960 -2296 -3611 -7190 -19182
3 -2080 -5780 -5352 -2434 -9170 -17528
3 -2088 -4552 -7760 -840 -10178 -15874
3 -2088 -3332 -10248 353 -9775 -14198
3 -2044 -2612 -10964 1002 -8647 -12550
3 -704 -1808 -9944 2352 -8123 -11515
3 444 616 -10892 4024 -9326 -9808
3 1080 2920 -13712 7029 -9090 -7042
3 1636 4176 -15116 10314 -7396 -3846
3 2732 4388 -12340 10422 -5544 -706
3 3360 1556 -9832 6518 -5761 2477
3 3156 -1008 -11152 5980 -7001 4326
3 3332 -2356 -12296 7989 -8129 5442
3 3264 -4864 -15332 8077 -9019 7115
3 2876 -7496 -18980 9105 -8587 7700
3 2048 -9096 -19688 7677 -7054 8385
3 1568 -11796 -19580 5516 -5732 9171
3 1300 -13668 -18980 4900 -5099 9623
3 720 -16100 -19524 4678 -4995 9478
3 668 -15664 -21252 4927 -4380 9514
3 972 -16052 -21260 5426 -2952 10150
3 2016 -17056 -21936 3614 -1455 10614
3 576 -18420 -24128 2424 777 10872
3 -228 -20016 -23828 5066 3318 9769
3 -1112 -19040 -21732 4754 5377 9182
3 -2068 -20744 -21828 3531 7763 8738
3 -2164 -21032 -19712 1413 10711 7510
3 -1628 -19612 -16400 172 12907 7031
3 -2144 -20324 -12716 630 13495 6731
3 -2260 -20352 -10812 -1453 12908 6000
3 -1268 -18608 -11388 -2209 12723 6312
3 -224 -18828 -9256 -1474 12753 6678
3 132 -20272 -9092 -2753 12480 6445
3 -176 -21088 -9988 -3328 12992 5932
3 -996 -22764 -9076 -3280 13859 5361
3 -1704 -26480 -6512 -2880 14531 3837
3 -1728 -28052 -3536 -3457 13779 1113
3 -984 -26752 -2776 -5347 12388 -1277
3 -1076 -26116 -3320 -5703 10948 -2831
3 -792 -25836 -3060 -5231 9676 -4160
3 -952 -25768 -2528 -4845 8017 -5874
3 -740 -24524 -3100 -4630 6327 -7608
3 -244 -22032 -3660 -5145 4823 -8857
3 136 -19656 -5796 -5649 3961 -9374
3 -204 -19180 -5696 -4825 3626 -9585
3 -492 -19352 -4704 -5964 2407 -10259
3 -368 -18440 -4608 -5843 1150 -11384
3 -56 -16496 -5040 -5114 -162 -12314
3 192 -13616 -5380 -4721 -1095 -12689
3 184 -11012 -5416 -4038 -1657 -12453

3 768 -15004 -7968 -1802 -1191 -1081
3 860 -14696 -8100 -1298 -635 -662
3 932 -15388 -7404 -1906 -424 -153
3 864 -16568 -7068 -2300 -548 -71
3 616 -17956 -7520 -2025 -744 -342
3 748 -18476 -8004 -2088 -1005 -753
3 340 -19588 -10152 -2154 -557 -1332
3 268 -19720 -10740 -1844 770 -2260
3 264 -19296 -10360 -1980 2250 -3454
3 796 -17524 -8396 -3450 3072 -4304
3 1248 -16048 -7696 -5705 3460 -4449
3 1264 -16016 -7548 -6267 3883 -4199
3 1508 -16460 -5516 -4256 4307 -4480
3 1888 -15460 -2968 -2706 3579 -4760
3 2224 -14984 -1500 -2586 2253 -4542
3 2472 -14580 -716 -2334 851 -4383
3 2116 -13712 160 -982 -492 -4439
3 1636 -12332 508 171 -1820 -4084
3 1548 -10680 972 1273 -3188 -3469
3 652 -9916 940 2123 -4684 -2723
3 228 -8864 112 4019 -5640 -2442
3 160 -6584 -276 5713 -6471 -1987
3 -48 -5220 -616 4341 -7409 -834
3 728 -5188 -3664 2657 -8609 839
3 200 -5712 -8624 5850 -8493 2035
3 -172 -5360 -11560 11637 -6868 3479
3 -520 -7144 -10872 12480 -4958 5764
3 -1184 -11132 -8228 5871 -4143 7298
3 -740 -14168 -8948 -1605 -5574 8413
3 -1752 -18820 -14888 459 -5745 8436
3 -2204 -20128 -16400 7311 -3968 7632
3 -2392 -19856 -14768 9177 -2351 7315
3 -2524 -22348 -13572 5572 -922 6947
3 -2456 -23852 -11836 1447 25 5741
3 -2480 -24328 -13468 809 125 4447
3 -1836 -23024 -15652 3859 1137 3603
3 -1536 -21416 -15204 5823 2801 3224
3 -1872 -21456 -14124 3021 4191 3252
3 -2056 -21716 -12308 -360 5098 2475
3 -2420 -20484 -12492 -1470 5961 1899
3 -2056 -18968 -12340 -874 6471 1993
3 -1920 -18860 -13136 490 7224 2513
3 -2336 -20264 -12932 1309 8962 2180
3 -2984 -21300 -11164 -242 10358 1636
3 -2860 -20656 -9288 -2479 11300 1011
3 -2516 -19220 -7628 -2946 11704 717
3 -1920 -17320 -6808 -3816 11890 1029
3 -2188 -16860 -6552 -3457 12455 1625
3 -1932 -17088 -5188 -3474 12528 2275
3 -1552 -17540 -4868 -3258 12136 2526
3 -976 -17660 -4604 -2546 12050 2647
3 -356 -17764 -3848 -2631 12004 2618
3 -500 -19040 -5456 -2255 12686 2504
3 -844 -20484 -3536 -2722 13440 2199
3 -608 -22720 -768 -3876 13095 1656
3 -732 -25808 640 -4807 11597 495
3 -1132 -27568 244 -3649 10429 -1388
3 -1268 -27660 868 -2380 9691 -3317
3 -1400 -28104 2432 -4198 8455 -4789
3 -1152 -29616 1764 -5552 6912 -6525
3 -916 -30100 996 -4622 5494 -8907
3 -852 -28892 972 -3968 4261 -11350
3 -1004 -27252 2088 -4612 2569 -13421
3 -932 -24376 1912 -6183 548 -14781
3 -1352 -22116 200 -6845 -1025 -15250
3 -1828 -20176 132 -5609 -1599 -15725
3 -1856 -18004 1616 -4346 -2445 -16324
3 -1736 -15236 4636 -3609 -4604 -16983
3 -1624 -11228 5280 -3593 -7833 -16802
3 -1644 -6508 3260 -3395 -10483 -15333
3 -920 -4300 52 -1635 -11778 -12768
3 156 -4780 -1284 269 -12731 -10393
3 436 -5840 -3408 2394 -13966 -9148
3 920 -5388 -6856 5132 -13845 -8209
3 1948 -4616 -7036 5184 -13510 -6967

3 796 -15104 -4880 -1148 122 -127
3 1056 -14712 -4784 -1843 -257 469
3 1224 -14836 -4860 -2018 -602 1330
3 1188 -16392 -4968 -1791 -1199 1928
3 1296 -18328 -5704 -1910 -1546 1708
3 1052 -19196 -6556 -3918 -2005 1530
3 376 -21520 -9392 -6000 -2081 1897
3 216 -25988 -13716 -4295 -1073 1077
3 -208 -29124 -13996 -2403 761 -1566
3 -756 -29828 -14424 -4684 2221 -4893
3 -1124 -27916 -16636 -5744 3906 -8198
3 -2288 -24068 -18716 -4449 6848 -10974
3 -2836 -19072 -17456 -2943 10222 -12313
3 -3128 -15624 -12592 -2811 12332 -13007
3 -1596 -11692 -8716 -6126 11834 -12936
3 -948 -7720 -9312 -8535 10623 -11638
3 -768 -4320 -10716 -8994 10361 -9757
3 -84 -1360 -10468 -6922 11040 -6653
3 828 -240 -7104 -5773 10956 -3081
3 1804 -576 -4948 -7316 9434 228
3 2124 -1424 -6756 -8707 8095 3009
3 1796 -2748 -9312 -6877 8311 5310
3 1192 -3736 -9640 -2750 9639 7452
3 1056 -5760 -6832 -822 10385 9116
3 1216 -8008 -4420 -951 10055 9813
3 1264 -9312 -3484 503 9409 10078
3 1144 -9484 -2092 3611 8674 10162
3 400 -9512 44 5444 8197 10566
3 -348 -10280 1456 3628 7043 11382
3 476 -11676 1604 3099 6539 12563
3 572 -14448 3932 4860 5456 13162
3 460 -17216 5884 4465 3051 12952
3 -296 -19528 2820 4813 1014 12242
3 -744 -20052 1432 5947 576 11134
3 -972 -20176 1844 3755 652 10465
3 60 -19960 3072 1379 -384 9945
3 364 -21276 2376 2536 -2706 9486
3 -88 -21700 -1936 5957 -4324 8810
3 -1040 -22124 -2492 6954 -3067 8610
3 -1184 -25480 768 1878 -2863 7740
3 -1536 -29208 420 75 -4115 4975
3 -1396 -26408 496 1113 -5151 2370
3 -716 -23068 608 1502 -5764 1815
3 -664 -22784 1060 1045 -6968 1884
3 -900 -23248 -252 567 -7580 1454
3 -1400 -22512 648 1629 -7881 667
3 -1196 -21156 2420 905 -9289 357
3 -1364 -19948 528 76 -10681 351
3 -1272 -19880 -192 1979 -10895 234
3 -1292 -20268 -80 580 -11786 18
3 -1492 -19728 -976 -1361 -12777 -276
3 -2468 -19956 -3692 -331 -13397 -25
3 -3172 -21816 -5792 3358 -13315 176
3 -2880 -24148 -6636 4594 -12846 -781
3 -3284 -26292 -8196 1441 -12306 -2802
3 -3880 -26800 -13124 -1318 -11056 -5109
3 -4276 -25400 -16088 -1762 -8228 -6850
3 -4156 -24216 -15560 -586 -5001 -7801
3 -3828 -24032 -12460 -1626 -3038 -8577
3 -3488 -23532 -11292 -4131 -2414 -9164
3 -3176 -22232 -11748 -3943 -1770 -9686
3 -2832 -20440 -10420 -2148 -735 -9512
3 -2600 -19436 -9076 -2918 -223 -9033
3 -2696 -20260 -9552 -4081 460 -8844
3 -2508 -19892 -8884 -4095 1395 -9498
3 -2204 -18648 -7548 -4641 2203 -10185
3 -2368 -17844 -6688 -6583 2619 -10640
3 -1612 -15920 -6936 -6427 2866 -10867
3 -952 -13860 -6096 -4479 3083 -10542
3 -116 -11980 -5168 -3601 3101 -10019
3 308 -9996 -4680 -3442 3239 -9201
3 1360 -8532 -3064 -3270 3512 -7853
3 2140 -7880 -496 -4125 2644 -6372
3 2676 -7568 -1604 -5301 1307 -4983
3 3216 -7396 -3872 -4400 1615 -3692

3 -1696 -14572 -7732 -230 -55 905
3 -1840 -15108 -8532 130 -406 1128
3 -1644 -14892 -9552 809 -691 1227
3 -1876 -15028 -10824 1310 -142 1434
3 -1968 -14792 -10736 1024 692 1468
3 -1440 -14428 -10952 -573 716 1761
3 -988 -14136 -12888 -174 942 2197
3 -1308 -14224 -13816 -1090 2130 2754
3 -1412 -15244 -14880 -3689 3293 3372
3 -2000 -17600 -16816 -3614 4951 3808
3 -2720 -20432 -16424 -2953 7569 3024
3 -3256 -22772 -14996 -3330 10009 1300
3 -2956 -23776 -12112 -4727 11729 -464
3 -2404 -24212 -9852 -5872 12226 -1989
3 -3008 -24908 -8140 -6761 12370 -3386
3 -3272 -25656 -6928 -7256 12553 -4756
3 -3144 -26272 -4652 -5898 12800 -6644
3 -2704 -26044 -1272 -4678 12242 -8707
3 -2960 -25188 2244 -5510 10578 -11063
3 -3244 -22808 4236 -7573 8249 -13054
3 -2880 -20356 5064 -7541 5349 -14263
3 -2628 -17900 5248 -5116 1820 -14873
3 -1776 -14624 3904 -1740 -2336 -14924
3 -1816 -11840 1688 1513 -5589 -13981
3 -2212 -10504 424 2637 -8022 -12603
3 -2328 -9968 -1132 3210 -9948 -11661
3 -1940 -8960 -2040 3885 -11628 -10892
3 -1380 -7068 -3788 5316 -13578 -9816
3 -1264 -6184 -6636 9227 -14854 -8407
3 -908 -4812 -7728 13381 -14402 -7752
3 -164 -2584 -6648 10802 -14561 -6663
3 -548 -992 -8620 4582 -14922 -4761
3 -200 -444 -11444 3235 -14629 -2520
3 -172 -1308 -14176 7853 -13834 -143
3 8 -2048 -13588 12260 -13014 1548
3 -664 -2460 -12164 8305 -12717 3426
3 -1804 -4768 -16160 3421 -12440 5940
3 -2072 -8204 -18904 5285 -10490 7526
3 -1600 -11460 -18988 8151 -8247 7898
3 -1840 -13652 -16428 1682 -6422 7906
3 -1724 -14576 -18720 -6527 -5341 7902
3 -1220 -15176 -23768 -2937 -3470 7343
3 -1976 -14456 -22820 1302 -451 7656
3 -2732 -15648 -20812 1417 2352 8018
3 -3700 -16788 -18940 -341 4147 7991
3 -4292 -17316 -17408 -1870 5150 7946
3 -4828 -18172 -17300 -372 5291 7614
3 -4488 -18088 -16084 1644 6218 7040
3 -4824 -16684 -14780 -900 6030 7402
3 -5008 -18780 -18036 -784 5426 8103
3 -5028 -20940 -20620 3399 6482 7901
3 -5848 -22476 -21084 5315 9116 6906
3 -5376 -22556 -18640 2299 11769 5570
3 -4512 -21504 -15152 -1563 13225 4444
3 -3936 -21052 -14836 -635 13395 3754
3 -3492 -19308 -12868 144 13416 3661
3 -3132 -18416 -11492 -981 13766 3961
3 -2604 -18596 -10372 -2958 14092 4351
3 -2628 -17824 -8596 -4512 14218 4408
3 -2828 -17072 -7688 -4840 14049 5374
3 -3004 -19284 -6172 -3395 13491 6304
3 -2532 -23580 -4676 -4286 12582 5156
3 -2424 -26280 -4880 -5868 12060 2742
3 -2852 -26444 -4424 -7723 11241 811
3 -2896 -26772 -2988 -6423 10448 -1153
3 -2960 -26692 -1884 -5333 8733 -3115
3 -2324 -25932 -2180 -3107 6952 -5192
3 -2344 -24560 -2044 -915 5381 -7181
3 -2376 -22940 -2072 -183 3923 -9094
3 -2252 -20368 -1948 -1655 2456 -10459
3 -1360 -17544 -4000 -2750 754 -10560
3 -508 -15968 -6636 -989 -549 -10163
3 364 -14244 -8856 1790 -1213 -10033
3 380 -12148 -9804 3822 -636 -9954
3 1000 -10368 -8560 2716 -222 -9655

3 -252 -15528 -5596 407 986 324
3 -52 -16020 -4296 -262 1105 310
3 404 -15920 -4180 -930 211 208
3 188 -15316 -5596 -314 -78 170
3 584 -15248 -6144 -2240 -6 834
3 1160 -17980 -9160 -2721 823 1466
3 1512 -20500 -9828 -919 1757 1483
3 1380 -23688 -9952 -1506 3098 868
3 1060 -26668 -9896 -3051 4156 -403
3 380 -28784 -9064 -2891 5383 -2627
3 -432 -29532 -7612 -3465 6289 -5119
3 -1296 -28648 -6780 -3748 6824 -7556
3 -2104 -26568 -4972 -3945 7480 -9583
3 -2360 -24916 -2572 -4738 7952 -11224
3 -1984 -22884 484 -6208 7211 -12657
3 -1324 -19332 2620 -5815 5350 -13520
3 -1008 -15348 3652 -4483 3023 -13317
3 -640 -11504 4048 -2329 780 -11591
3 -648 -9388 5572 -882 -1439 -9509
3 -376 -9272 7336 -983 -4268 -7470
3 196 -10272 7780 -2085 -8097 -6236
3 40 -11116 5436 -2469 -11754 -5741
3 -380 -11492 1352 -1424 -13988 -6012
3 -164 -11036 -1260 -1489 -14713 -6167
3 -60 -10896 -4924 -1264 -14250 -6458
3 140 -9692 -5692 453 -13168 -6879
3 892 -7268 -5192 974 -13262 -6620
3 1284 -5224 -6984 2139 -13926 -5509
3 1564 -3724 -8848 6245 -13393 -3893
3 2240 -2672 -8496 6337 -13211 -1473
3 1672 -4192 -10532 4381 -12907 1485
3 1724 -6884 -13716 7940 -12117 3125
3 1076 -8544 -13880 12570 -10346 3669
3 656 -8976 -12540 10546 -8417 4341
3 780 -10296 -11788 6094 -7547 5415
3 892 -12184 -12896 5216 -7040 5787
3 712 -12396 -12996 4859 -6531 6341
3 -92 -13928 -14064 3707 -5794 7686
3 -220 -17048 -14744 4743 -4750 8438
3 -364 -19892 -15476 3458 -3345 7584
3 -400 -19908 -15060 2481 -1033 6040
3 -464 -18556 -13760 -259 747 5470
3 -1128 -18704 -13332 -1953 2362 5121
3 -1196 -18652 -12316 -2511 3248 5088
3 -1396 -19212 -11340 -2202 3674 5466
3 -1692 -20048 -10604 -1129 3816 5391
3 -1136 -19796 -9788 -723 2988 5209
3 -236 -19488 -11336 -259 2333 5266
3 -308 -20512 -12884 -647 2702 5189
3 -1476 -20808 -15612 -688 4377 4769
3 -1212 -20396 -15540 1321 6741 4176
3 -1636 -19860 -13480 1261 8598 3826
3 -1428 -19760 -11496 -1042 9674 3410
3 -1204 -19800 -10720 -2295 10000 3290
3 -1448 -19548 -11040 -1934 9964 2961
3 -2132 -18836 -11132 -705 10845 2695
3 -2300 -17800 -9572 -1842 12111 2663
3 -1912 -17352 -7924 -2846 12895 2785
3 -1652 -16544 -6144 -4424 12521 3332
3 -1520 -16676 -5820 -3981 11781 4105
3 -1396 -18048 -5688 -2606 11209 4122
3 -1260 -18660 -5844 -3254 10965 3671
3 -1144 -19216 -5752 -4617 11422 3613
3 -1748 -22364 -6288 -5100 11863 3261
3 -2024 -24956 -5144 -4171 12113 1811
3 -2672 -26996 -4288 -3569 11829 -387
3 -2520 -26360 -2984 -3463 11139 -2843
3 -2412 -25240 -2288 -3506 10061 -4663
3 -2300 -24372 -1344 -2647 8820 -6077
3 -1492 -23048 -212 -1653 6803 -6898
3 -1032 -22400 -272 -1337 4500 -7607
3 -672 -21788 -1520 -1399 2551 -8086
3 -356 -21404 -3128 -1730 1266 -8433
3 260 -20880 -3704 -2134 473 -8843
3 500 -20372 -5436 -2025 -211 -9337