6 -2572 -16052 -3416 662 -2422 1129
6 -2880 -16296 -3736 465 -2311 944
6 -2792 -16420 -4632 696 -2082 880
6 -2456 -16572 -4156 1437 -1697 839
6 -2448 -17040 -3736 1370 -1925 627
6 -2860 -16796 -4424 290 -2382 594
6 -3916 -17252 -6208 138 -2174 718
6 -4768 -18696 -6888 214 -1076 967
6 -4872 -20188 -6144 -1020 -181 648
6 -4740 -21552 -6340 -2287 203 -299
6 -4496 -21556 -6316 -2081 418 -1416
6 -3928 -20568 -6244 -2029 363 -1863
6 -3556 -20104 -7044 -1651 5 -2136
6 -3572 -19644 -8732 -1431 585 -2434
6 -3980 -19552 -9056 -2112 2161 -2818
6 -3944 -19464 -7992 -3809 3569 -3236
6 -3792 -19656 -7624 -4490 4261 -3977
6 -3756 -19644 -7960 -3860 4693 -4592
6 -3648 -19404 -7324 -3527 4761 -4950
6 -3476 -19580 -7816 -3424 4724 -5274
6 -3236 -19664 -8540 -4151 5381 -5499
6 -3496 -20052 -8548 -4890 6401 -6062
6 -3564 -19964 -9004 -5567 7362 -6774
6 -2876 -18916 -8772 -4695 8708 -7355
6 -2292 -17616 -7024 -4431 9403 -7753
6 -2188 -16552 -6428 -6147 9372 -7804
6 -1720 -15152 -6368 -6986 9533 -7488
6 -724 -14112 -6160 -6514 9548 -7040
6 252 -13388 -5960 -6984 9564 -6432
6 356 -12908 -5792 -7269 9589 -6083
6 640 -11912 -4976 -5643 9585 -5565
6 1420 -11616 -3548 -4901 8994 -4813
6 2404 -11328 -3108 -5327 7891 -4137
6 2776 -10924 -3412 -4813 7171 -3575
6 2920 -10624 -2948 -4714 6288 -2762
6 3784 -10252 -2768 -4491 5303 -1712
6 4284 -10860 -2784 -3278 4156 -791
6 4236 -11580 -3000 -2450 2845 -147
6 3952 -12652 -3988 -1724 1783 11
6 3924 -12908 -4896 -1218 1399 149
6 4040 -13120 -4612 -778 1102 170
6 4052 -13500 -4980 -1841 486 256
6 3872 -13828 -5852 -1624 69 187
6 3808 -13480 -6040 236 -309 -290
6 4280 -12308 -6068 1427 -1003 -276
6 3812 -11624 -6880 1812 -1456 -241
6 3324 -10384 -6912 16 -1443 -598
6 2884 -8712 -8284 -3117 -1071 -460
6 2640 -7124 -9120 -2415 -130 -412
6 3284 -4468 -8380 -624 418 425
6 3740 -2940 -7336 -1098 82 2494
6 2464 -3336 -7344 -2138 -837 4791
6 1468 -4744 -9320 -2494 -1311 7401
6 1576 -7208 -10572 -1296 -1250 9785
6 564 -10732 -11080 -286 -713 11146
6 -392 -13456 -11072 298 26 11570
6 -972 -15760 -11220 1195 522 11236
6 -1052 -17036 -10412 -159 1062 10896
6 -1608 -17888 -11144 -1474 1295 10596
6 -1960 -18200 -12588 227 1790 10322
6 -2504 -18396 -10184 1211 3192 10123
6 -2200 -19796 -8500 2826 3521 9715
6 -2692 -21304 -7180 1034 2996 9380
6 -2432 -22480 -6484 1390 1980 8696
6 -2432 -23752 -6628 1779 911 8162
6 -3192 -25636 -7428 2301 245 7124
6 -3156 -26608 -8724 4856 352 5441
6 -3132 -27580 -8088 5249 793 3836
6 -2828 -27760 -7400 3418 902 1792
6 -2920 -26760 -7276 1912 1024 -455
6 -2704 -24424 -7844 1596 1196 -2351
6 -2408 -21436 -7168 1489 1512 -3365
6 -2024 -19272 -6072 1138 1440 -3684
6 -1912 -17596 -5636 727 979 -3657
6 -1692 -16120 -5880 95 350 -3391

6 -3176 -16204 -2032 504 -1239 1000
6 -3188 -17148 -2360 407 -1637 775
6 -3416 -17572 -2632 140 -1772 263
6 -3668 -17496 -2492 -227 -1768 -328
6 -3788 -16776 -2188 -384 -1979 -790
6 -4060 -15180 -2284 -201 -2306 -650
6 -4232 -14576 -2756 -83 -2316 -6
6 -4524 -14876 -2784 -293 -2374 708
6 -4452 -15384 -3372 -1245 -2439 1280
6 -4516 -18300 -5012 -1781 -2744 1848
6 -5072 -22836 -8120 -1366 -3345 1466
6 -6672 -29504 -13224 -2751 -3027 -142
6 -8568 -32768 -19768 -5224 232 -3989
6 -10440 -32768 -22444 -9583 5901 -6954
6 -10480 -32340 -21100 -11883 11066 -8961
6 -10032 -31184 -17456 -7888 14633 -11447
6 -9272 -27736 -12016 -3849 15871 -13855
6 -8296 -22372 -8088 -4243 15754 -15615
6 -7112 -16736 -5884 -8396 15808 -16177
6 -6152 -11352 -3976 -11640 16965 -15573
6 -4852 -6404 64 -11235 17627 -14211
6 -2520 -1612 3648 -9433 16901 -11959
6 -448 -140 7844 -9272 14149 -9435
6 396 484 8652 -13099 10661 -7344
6 532 1456 7268 -16790 7794 -5359
6 456 2452 5184 -16201 6455 -3185
6 1340 4140 6336 -10831 4720 -985
6 1568 3468 6656 -8607 1446 1288
6 1704 3736 4812 -9368 -1932 2455
6 1924 5816 1428 -10199 -4262 4268
6 1312 6732 -1664 -6222 -6099 7294
6 -1260 5244 -4016 -3524 -7609 11783
6 -1988 440 -9780 -4288 -7967 16763
6 -2928 -7276 -14076 -932 -8250 20395
6 -5020 -17452 -17560 2786 -7867 22434
6 -5420 -30412 -21264 5890 -6504 22005
6 -6368 -32768 -25744 2397 -4864 18787
6 -4720 -32768 -26720 3599 33 12424
6 -3884 -32768 -21296 2860 3765 5202
6 -5352 -32768 -20016 895 5080 314
6 -3508 -30540 -12708 5228 6143 -3772
6 -2344 -24988 -10016 5295 5342 -4878
6 -1716 -21084 -8092 4551 3911 -4641
6 -1300 -18064 -7352 1632 2611 -3967
6 -1128 -16348 -8288 1982 1638 -3505
6 -1184 -14568 -7820 2933 1508 -3133
6 -80 -12336 -6252 2608 362 -2107
6 -672 -13100 -7804 1349 -385 -1278
6 -888 -13572 -8704 502 -581 -999
6 -924 -13836 -9532 67 68 -879
6 -972 -14352 -8416 1243 552 -1210
6 -1124 -14160 -7792 892 434 -1341
6 -944 -13996 -7740 351 0 -1307
6 -1160 -14308 -8032 515 -329 -1428
6 -992 -14088 -8100 -97 -697 -1227
6 -832 -14324 -8812 586 -916 -1179
6 -684 -13704 -9412 1024 -768 -1026
6 -648 -13708 -9648 1253 -432 -557
6 -456 -14212 -8776 1038 -408 -220
6 -232 -14352 -9128 -421 -791 -123
6 -328 -14288 -10536 -562 -192 -2
6 -648 -14932 -10040 437 512 191
6 -728 -15372 -8496 307 675 147
6 -752 -15740 -8240 -479 298 4
6 -720 -15280 -8432 39 278 -149
6 -756 -15428 -8020 6 194 -164
6 -600 -15344 -8020 -208 -185 -214
6 -604 -14700 -8256 -184 -374 -32
6 -608 -15032 -8500 -42 -338 194
6 -664 -15932 -8408 -621 -321 238
6 -696 -15968 -8500 -640 -440 -93
6 -812 -15372 -8728 -556 -575 -168
6 -764 -14760 -9164 -437 -444 226
6 -764 -15428 -8920 -428 -243 578
6 -884 -16692 -8752 -755 -157 187

6 -2184 -15668 -2748 -1315 -1231 106
6 -2212 -15728 -4192 -1694 -629 121
6 -2140 -16132 -3352 -2463 -126 -113
6 -1816 -16332 -3292 -5220 -175 -453
6 -1988 -16952 -4880 -6464 -441 -327
6 -2952 -20980 -6656 -8744 -1485 748
6 -3988 -26712 -10552 -12132 -3444 1700
6 -6092 -32768 -19576 -15770 -3873 1642
6 -7572 -32768 -28616 -15951 -76 -1395
6 -7892 -32768 -31308 -13656 6218 -5216
6 -8580 -32768 -28056 -11331 12731 -9222
6 -8704 -30676 -21568 -12101 16940 -12686
6 -9136 -23880 -16752 -13402 20027 -14643
6 -9552 -16072 -9688 -13599 22079 -14846
6 -8632 -8540 -3780 -12323 22381 -12893
6 -7156 -4432 1508 -11337 22151 -10141
6 -4880 -1496 6668 -12037 21659 -7480
6 -1468 648 12524 -11577 19440 -5008
6 1696 988 16356 -13076 14507 -2564
6 2956 240 14792 -13764 8962 -859
6 3636 -4 9716 -12712 4800 873
6 3604 -1292 4992 -11063 2678 2684
6 4000 -3096 1816 -6977 1501 3708
6 3584 -5412 1332 -3860 138 3605
6 3676 -5096 552 -3958 -1802 2850
6 3488 -1508 -864 -5025 -4752 3119
6 2432 1308 -5828 -5686 -6745 4615
6 1708 3976 -10360 -4917 -6474 7606
6 1280 3572 -12192 -1317 -4892 11516
6 -60 -820 -9240 300 -4877 15314
6 -1928 -6432 -9952 -1637 -6827 17875
6 -4000 -13388 -12712 741 -8309 19063
6 -5376 -22516 -19108 3384 -8451 19414
6 -5448 -31364 -20240 6688 -6734 17241
6 -5264 -32768 -18648 6102 -5536 13076
6 -4536 -32768 -21136 4228 -4510 7854
6 -2828 -32768 -21748 5000 -1740 2683
6 -2132 -30876 -19064 4873 677 -1064
6 -2292 -25204 -16596 3625 1780 -3267
6 -1780 -19968 -14484 1829 2201 -3239
6 -676 -16488 -12316 2440 2177 -2806
6 -532 -15136 -10684 1931 1514 -2050
6 -820 -14228 -10552 1502 792 -1410
6 -1204 -13856 -10552 1215 749 -936
6 -872 -13144 -9908 -196 613 -658
6 -768 -13164 -10664 -1044 568 -428
6 -836 -13832 -10520 -381 1003 -369
6 -1260 -14332 -9668 1053 1099 -716
6 -1352 -14164 -9204 1662 952 -913
6 -1268 -14340 -8768 1557 704 -987
6 -1240 -14184 -8584 1637 446 -1043
6 -1272 -13732 -8592 1137 -80 -913
6 -1152 -13520 -9076 2029 -238 -707
6 -844 -13824 -8404 1641 -916 -311
6 -656 -14200 -9428 723 -1564 -23
6 -1132 -14916 -11260 783 -1574 -75
6 -1236 -14788 -11856 170 -560 -241
6 -1256 -15012 -11392 -538 371 -310
6 -876 -15472 -10156 -1160 560 -411
6 -908 -15316 -10172 -873 364 -813
6 -1016 -14248 -9864 252 183 -888
6 -1012 -13752 -9704 -562 -229 -521
6 -1236 -13508 -10432 -1217 -182 -74
6 -1128 -13916 -10492 -314 151 318
6 -964 -14228 -9320 118 91 433
6 -924 -14652 -8972 -497 -344 287
6 -992 -14552 -9872 -889 -562 154
6 -1108 -14092 -10108 -979 -359 210
6 -1188 -14020 -9864 -1396 -271 465
6 -1392 -14596 -10376 -691 -256 647
6 -1176 -15000 -9908 -147 -104 644
6 -1220 -15584 -9856 -611 -343 454
6 -1256 -15312 -10472 -742 -466 105
6 -1236 -14956 -11028 -303 -185 -147
6 -1332 -14484 -10344 367 300 -211

6 -996 -16008 -3248 -356 -266 -70
6 -752 -16280 -3292 551 130 540
6 -488 -16936 -2788 1074 132 863
6 -616 -18260 -3452 60 -333 1011
6 -1192 -19284 -4476 76 -290 1128
6 -1868 -20620 -5224 127 -278 1158
6 -1932 -22008 -6272 -193 134 884
6 -2332 -24168 -6620 -1437 960 27
6 -2200 -24884 -6996 -3108 1843 -1563
6 -2040 -25464 -6336 -4643 2881 -3166
6 -1856 -24640 -5404 -6185 3085 -4726
6 -2204 -22820 -6848 -6548 3235 -5464
6 -2016 -21988 -6288 -6119 3950 -5874
6 -1004 -21408 -6192 -9355 4478 -6467
6 -40 -20656 -6984 -12151 5327 -6678
6 -124 -19248 -7140 -11026 6081 -6441
6 -600 -17576 -7432 -7957 6803 -5712
6 -332 -16780 -6536 -8642 7560 -4451
6 20 -17644 -5216 -9623 8123 -4380
6 352 -17192 -4236 -10523 7585 -4846
6 -176 -15268 -5120 -10374 7539 -4863
6 12 -14392 -6296 -7921 8274 -4260
6 -108 -15288 -4492 -6250 8721 -4059
6 624 -14980 -2628 -5596 8242 -4463
6 788 -14404 -2084 -6123 7556 -5011
6 668 -12832 -2232 -6317 6900 -5122
6 1064 -11884 -2092 -4851 6035 -4623
6 1860 -10968 -2572 -2823 5144 -3835
6 2484 -11100 -2612 -890 4440 -3270
6 2932 -10448 -1372 -1274 3563 -2801
6 3528 -10308 -1292 -3313 2036 -2028
6 3704 -10660 -2856 -2864 982 -1439
6 3452 -10276 -3868 -965 443 -864
6 3612 -10108 -4344 -156 -32 -99
6 3800 -10764 -4728 -1095 -376 507
6 4164 -10600 -5432 -1772 -813 545
6 4048 -9632 -5936 -3032 -1169 909
6 3872 -9252 -7448 -3489 -1336 1738
6 4024 -9248 -8324 -2832 -1381 2700
6 3276 -10724 -9300 -2927 -1089 3024
6 3424 -10328 -9508 -3115 -420 3030
6 3592 -9844 -8624 -3315 -71 3254
6 3108 -9268 -9288 -3954 -673 4096
6 2192 -10216 -11516 -2469 -513 5135
6 1728 -11104 -11376 151 585 5641
6 1864 -11364 -9020 78 1283 5882
6 1896 -11800 -7768 -2213 1045 6225
6 908 -11896 -8588 -2738 505 6840
6 668 -12336 -9288 -836 415 7490
6 396 -13348 -8892 1713 822 7958
6 368 -14056 -7260 1844 474 8378
6 -500 -15464 -8072 816 149 8571
6 -800 -16388 -9636 1419 499 8412
6 -524 -16652 -8904 1834 1042 8200
6 -1036 -17444 -7676 1401 1156 8181
6 -1476 -18548 -7356 1506 561 8011
6 -1680 -18728 -8316 2207 315 7671
6 -1700 -19644 -8208 2149 712 7478
6 -1952 -21076 -7604 1181 689 7069
6 -2204 -21896 -8664 1648 674 6129
6 -1616 -22044 -8092 2944 1361 5139
6 -1628 -22440 -6688 2069 1278 4264
6 -2072 -22940 -7000 1569 765 3312
6 -2268 -22240 -8632 2342 987 2302
6 -2012 -21444 -7648 2668 1724 1448
6 -1908 -20484 -5604 1376 1862 645
6 -1744 -19524 -5224 -241 1157 45
6 -1824 -18728 -6104 28 800 -320
6 -1816 -17820 -5684 1059 630 -417
6 -1744 -17236 -4584 136 154 -419
6 -1688 -17016 -5156 -1375 -543 -413
6 -1656 -16712 -6556 -1392 -891 -457
6 -1656 -16376 -7532 -357 -550 -438
6 -1580 -16236 -6836 -80 -505 -423
6 -1396 -16116 -6624 -791 -661 -480

6 -1452 -16916 -2612 1274 -529 533
6 -1356 -17292 -3256 -574 -818 458
6 -1172 -16932 -4624 -125 -542 220
6 -1228 -17348 -4364 1513 -353 287
6 -1488 -18304 -4860 108 -589 645
6 -1876 -19120 -5148 -2479 -1046 953
6 -1732 -21108 -6044 -6610 -1525 810
6 -2016 -22936 -9112 -9350 -1429 205
6 -2200 -23340 -11604 -7786 -469 -856
6 -1512 -23328 -11532 -6852 808 -1543
6 -2044 -23292 -12232 -6344 1311 -2068
6 -2148 -22172 -12640 -6313 2322 -2746
6 -2704 -21752 -12408 -6553 4234 -3187
6 -2704 -21948 -10504 -6702 5599 -3750
6 -2628 -21624 -10164 -5876 6321 -4593
6 -2420 -19532 -10300 -4122 7697 -5327
6 -2220 -17284 -7848 -3955 8993 -5497
6 -1972 -15504 -4656 -6417 8888 -5220
6 -1196 -13904 -4184 -7406 7935 -4392
6 -516 -13440 -5132 -5837 7122 -3370
6 -220 -13608 -5584 -4166 6855 -2881
6 -164 -13720 -6368 -4419 6984 -2822
6 -604 -13912 -5808 -5398 7395 -2775
6 -60 -14688 -5868 -5570 7757 -2776
6 676 -15316 -5244 -3998 7583 -3253
6 1204 -15100 -5304 -1930 7081 -3915
6 1492 -14256 -5420 -1609 7023 -4582
6 1236 -12940 -5760 -3051 7136 -4656
6 1352 -12576 -6284 -3175 7651 -4259
6 2056 -11720 -3696 -2695 7778 -3780
6 2628 -11724 -1504 -3051 6567 -3127
6 2840 -11924 -1064 -3169 4468 -2480
6 2764 -11788 -1916 -3066 2790 -1863
6 3028 -12268 -3512 -2861 1737 -1143
6 3264 -12468 -3688 -2052 1044 -421
6 3544 -13000 -4708 -532 89 96
6 3816 -13532 -5244 805 -509 132
6 3652 -13460 -6148 17 -759 63
6 3756 -13180 -5516 -596 -1012 -345
6 3692 -12100 -5488 -2826 -1604 -598
6 3500 -10136 -7088 -2854 -2122 -486
6 3480 -8968 -8760 -1867 -1906 451
6 3380 -9168 -9312 -579 -1306 1088
6 2836 -10296 -9228 -1822 -874 1011
6 2844 -9808 -8948 -4393 -559 1086
6 2604 -8948 -9136 -5716 -387 1367
6 2528 -7220 -9768 -5079 -378 2221
6 2512 -6276 -10124 -4937 -681 4539
6 2060 -7928 -10780 -4483 -708 6810
6 1920 -11312 -11788 -2030 -555 8233
6 1016 -13864 -11112 104 -275 8358
6 1032 -15068 -10604 436 369 7891
6 864 -15588 -11676 -91 804 7385
6 584 -15416 -11340 -268 1294 7229
6 392 -15448 -10212 -95 1955 7130
6 404 -15880 -9116 838 1945 7067
6 144 -16680 -8400 1916 1570 6878
6 -152 -16120 -7952 1514 854 7120
6 -384 -16852 -9696 1941 804 7611
6 -280 -18176 -8740 2512 1241 7763
6 -356 -19632 -7384 1995 773 7229
6 -576 -20136 -7784 828 -140 6447
6 -608 -20160 -9972 1615 -85 5752
6 -764 -20772 -10088 2601 703 5041
6 -932 -21344 -9228 2128 907 4354
6 -1092 -21604 -9444 2277 1074 3429
6 -976 -21180 -8720 2234 1229 2641
6 -1040 -21172 -7876 1417 818 1758
6 -848 -20368 -8516 -170 452 1059
6 -992 -19728 -9308 187 666 568
6 -1288 -19272 -8996 1290 1100 60
6 -1120 -18568 -7580 678 1077 -574
6 -1012 -17024 -6812 -552 641 -878
6 -1172 -15768 -7820 -580 414 -785
6 -1164 -15232 -7768 -35 334 -386

6 -308 -16604 -6604 -87 50 -347
6 -260 -16688 -5320 -173 -20 -249
6 -348 -16168 -5548 -679 -511 -186
6 -656 -15716 -7324 -565 -362 202
6 -864 -16084 -7336 -707 381 497
6 -812 -17004 -6212 -895 540 409
6 -1112 -17268 -6132 -545 -130 -153
6 -1116 -15844 -7508 -503 -595 -94
6 -876 -15600 -8724 -515 -273 652
6 -652 -17172 -8584 -1404 -7 998
6 -640 -18496 -9140 -2119 -244 520
6 -624 -18556 -10152 -3893 -363 187
6 -820 -17976 -11920 -4543 -296 372
6 -1080 -18444 -13824 -3115 887 401
6 -1608 -19932 -13488 -2787 3113 12
6 -1416 -20540 -11492 -4510 4605 -767
6 -1184 -19652 -10180 -5461 5479 -1732
6 -1244 -18664 -9248 -4992 5890 -2187
6 -1320 -17796 -8552 -4959 5416 -2448
6 -1136 -16420 -9240 -6238 4894 -2419
6 -1000 -15232 -11944 -6319 5287 -1692
6 -868 -15572 -13440 -5407 6716 -946
6 -760 -16860 -11852 -5711 8314 -718
6 -808 -17796 -10308 -6293 9086 -1200
6 -752 -17580 -9360 -7058 8865 -1543
6 -436 -17004 -10164 -7175 8599 -1508
6 28 -16672 -10984 -5269 9011 -1424
6 52 -17152 -9648 -4898 9552 -1390
6 -88 -17396 -7836 -5829 9588 -1521
6 428 -17404 -7220 -7003 8927 -1751
6 776 -16956 -7908 -6544 8189 -2127
6 860 -16448 -8532 -4832 7832 -2338
6 872 -15648 -8476 -4469 8054 -2221
6 1080 -15684 -7604 -5175 8389 -2142
6 1408 -15888 -6732 -5639 7928 -2349
6 1708 -15712 -6928 -4828 6963 -2921
6 2048 -15072 -7616 -3095 6529 -3435
6 2452 -13908 -6804 -2845 6195 -3659
6 2812 -12968 -6812 -4334 5801 -3612
6 3204 -12144 -7200 -4955 5461 -3228
6 3604 -11552 -6812 -3366 5063 -2719
6 3868 -11648 -6260 -1719 4183 -2359
6 4252 -11636 -5332 -1715 3293 -2137
6 4072 -11676 -6060 -2202 2579 -1983
6 4268 -11492 -6432 -1819 2255 -1897
6 4772 -10760 -5624 -1370 1804 -1979
6 4780 -9756 -5708 -1855 1039 -1618
6 4820 -8964 -5948 -1811 371 -1020
6 5248 -8616 -6016 -1524 -329 -428
6 5308 -8580 -5828 -1376 -1263 211
6 5460 -8316 -6824 -1621 -2548 832
6 5204 -8168 -8532 -1250 -3342 1417
6 4696 -8252 -10032 -2125 -3559 1820
6 4616 -8060 -12324 -3247 -3070 2132
6 4632 -7536 -12604 -2321 -2087 2513
6 4368 -8152 -11208 -2288 -1955 2800
6 3888 -8756 -12104 -2579 -2702 2707
6 3688 -7812 -13940 -4461 -2492 2827
6 3072 -7136 -14996 -4583 -1280 3538
6 2200 -7204 -14032 -3192 -431 4836
6 1340 -8356 -13124 -1391 -260 5732
6 1764 -8560 -12356 -502 -296 6549
6 1692 -8248 -11804 781 -287 7771
6 1140 -9396 -10608 811 -739 9337
6 340 -11964 -11224 66 -1608 10387
6 68 -13408 -12216 1521 -1774 10343
6 64 -14040 -12700 3857 -1023 10183
6 212 -15096 -11220 4066 -322 9969
6 -112 -16440 -10280 2299 -573 9535
6 -840 -16936 -11464 1525 -1167 9071
6 -616 -17388 -12448 3009 -802 8516
6 -248 -17568 -12092 3929 -159 8079
6 -428 -18704 -11732 3166 68 7695
6 -600 -19068 -11496 1988 -102 7279
6 -940 -19508 -12196 1321 -107 6801

6 2240 -15972 212 1402 -2447 4701
6 2012 -16588 -156 1618 -2520 4585
6 1792 -16848 -476 34 -2132 4408
6 1980 -16584 -1040 22 -1557 4094
6 1800 -16920 -532 569 -1294 3964
6 1556 -17392 -328 1187 -1530 3747
6 1208 -17524 -820 1710 -1557 3627
6 920 -18376 -956 1817 -1353 3173
6 1076 -18752 -556 -2261 -1366 2597
6 1312 -19212 -2492 -4423 -1554 2351
6 1532 -20096 -3984 -3172 -1470 2127
6 1916 -21004 -4516 -1533 -1575 1902
6 1740 -22408 -5328 -3157 -2279 1583
6 1116 -23652 -8264 -6604 -2683 1038
6 80 -24260 -12540 -8298 -1580 448
6 -376 -24208 -14436 -7090 904 154
6 -252 -25080 -13300 -7386 4092 -130
6 -592 -25812 -11188 -10168 6616 -1264
6 -856 -25152 -9708 -13375 8596 -2783
6 -1268 -24284 -8404 -15653 10143 -3601
6 -1392 -23544 -6792 -15737 10625 -4065
6 -1048 -22036 -5820 -14548 10300 -4299
6 -1248 -21572 -6336 -12475 10785 -4493
6 -1412 -21208 -5332 -11131 11743 -5102
6 -1440 -19980 -4264 -12024 12395 -5739
6 -824 -18184 -3624 -12809 12460 -5891
6 -164 -16860 -3228 -12341 12313 -5598
6 -184 -16208 -2768 -10598 12000 -5742
6 568 -14668 -2056 -9029 11696 -5969
6 768 -13404 -1680 -7887 11292 -5788
6 788 -11812 -832 -6431 10652 -5199
6 1196 -10500 100 -6376 9873 -4315
6 1820 -9840 960 -7231 8846 -3284
6 2672 -10108 824 -6700 7425 -2447
6 3416 -10820 1344 -5034 5667 -2093
6 4084 -9856 1532 -4064 3099 -1923
6 4244 -8932 -328 -3828 398 -1053
6 4284 -8844 -2552 -3355 -1347 -126
6 4616 -9532 -4452 -2816 -2297 657
6 4808 -9936 -6080 -2690 -2585 860
6 5272 -9504 -7376 -4465 -2682 1368
6 5256 -9708 -9168 -5351 -2443 1833
6 5140 -9956 -10756 -5012 -1765 2105
6 5124 -9408 -10920 -3125 -1103 2329
6 4580 -9340 -10952 -1386 -848 2632
6 4096 -9180 -10620 -1095 -927 2985
6 3476 -8520 -11464 -3879 -944 3373
6 3428 -8052 -13244 -4771 -323 3922
6 3512 -7416 -13428 -1859 1027 4696
6 3444 -7716 -11520 399 1616 5695
6 2856 -8548 -10468 38 1090 6379
6 2312 -9308 -11616 -1249 914 6702
6 2160 -9256 -12648 -1026 1850 7168
6 1772 -9640 -11388 -573 2819 8149
6 1248 -10392 -10076 -882 2887 9296
6 580 -11300 -9888 -365 2500 10072
6 544 -12024 -9488 -48 2263 10869
6 388 -13300 -9348 470 2158 11621
6 -44 -15164 -9560 711 2409 11685
6 -160 -16448 -9136 1719 2688 11243
6 -484 -17260 -7816 2354 2501 10749
6 -276 -18580 -7688 3320 1800 10356
6 -740 -19728 -8108 4037 1401 9770
6 -932 -20160 -7952 4909 1595 9124
6 -1244 -21276 -7204 4772 1538 8649
6 -916 -23140 -6852 3272 1110 7825
6 -1320 -25388 -7916 2247 991 6140
6 -1356 -25976 -8304 3537 1247 3799
6 -940 -24556 -7336 4268 1491 2035
6 -868 -23536 -6492 3825 1172 721
6 -788 -21732 -6208 2636 588 -134
6 -592 -20432 -6372 2042 110 -664
6 -476 -19048 -6320 1851 -326 -940
6 -456 -18008 -6688 1429 -856 -960
6 -340 -16944 -7320 838 -1106 -770

6 360 -17044 -3468 -703 -161 720
6 608 -16808 -2700 -446 -905 569
6 672 -16696 -3256 -596 -2033 847
6 404 -17132 -4988 -1000 -2439 1608
6 -208 -19152 -5876 -2049 -2402 1901
6 -476 -21364 -6584 -4297 -2409 1436
6 -552 -21992 -7960 -5901 -2415 640
6 -620 -21824 -9368 -6185 -2142 -178
6 -908 -21340 -10412 -6351 -1673 -909
6 -1144 -20380 -11832 -6964 -833 -1355
6 -1180 -19624 -12312 -8069 266 -1620
6 -1456 -19348 -13244 -9818 1730 -1671
6 -1592 -19196 -13148 -11476 3560 -1811
6 -1172 -18540 -12888 -11323 4951 -1869
6 -720 -18216 -12076 -10945 5933 -1468
6 -820 -18392 -11364 -12538 7016 -757
6 -1068 -19512 -11264 -13754 7930 -491
6 -1436 -20256 -11196 -14180 8835 -1033
6 -936 -19172 -10592 -13771 9613 -1860
6 -600 -17320 -10300 -13248 10453 -2154
6 -516 -15340 -9724 -13138 11077 -1807
6 -688 -14660 -9228 -13379 11375 -1275
6 -340 -13600 -8928 -13432 11383 -716
6 532 -12948 -7940 -12543 10823 12
6 712 -13052 -8072 -10857 9745 413
6 684 -12776 -8728 -9099 9181 703
6 1248 -13612 -8452 -8847 8951 830
6 1504 -15012 -8680 -8849 8452 379
6 1984 -14932 -8820 -6861 8225 -764
6 2208 -13788 -7844 -5543 7561 -1572
6 2488 -12460 -8568 -5753 6769 -1683
6 2628 -12068 -9504 -5295 6790 -1447
6 2972 -12140 -9124 -3735 7071 -1363
6 3708 -12216 -7368 -2736 6541 -1346
6 3740 -12552 -6476 -2943 5430 -1687
6 4040 -11696 -6364 -2197 4100 -2216
6 4528 -10344 -5960 -582 2647 -2178
6 5128 -9196 -5656 -232 1171 -1851
6 5396 -8444 -6556 -811 -248 -1280
6 5280 -7976 -8484 -1331 -1088 -724
6 5452 -7340 -9908 -946 -1351 -191
6 5468 -7256 -9908 -597 -1310 506
6 5596 -7884 -10024 -367 -1723 799
6 5040 -7944 -10984 -566 -2594 917
6 4456 -7256 -12388 -831 -3126 1485
6 4084 -6808 -14148 -983 -2887 2223
6 3812 -7352 -15356 -2034 -2003 3211
6 3728 -7688 -15596 -1752 -766 3841
6 3792 -8584 -14820 -778 -251 4116
6 3648 -8632 -14612 -770 -179 4038
6 3724 -7680 -15640 -271 81 4133
6 3716 -7172 -15020 607 1005 4897
6 3300 -7500 -13728 546 1545 5678
6 3088 -7960 -13212 723 1896 6113
6 3024 -7844 -12244 1310 2025 6724
6 2580 -8440 -11152 1603 1625 7625
6 1944 -9752 -10708 2061 754 8101
6 1692 -10696 -11484 3042 -227 8205
6 1124 -10880 -12188 3902 -433 8362
6 988 -11172 -11788 3638 -401 8857
6 292 -12384 -12244 2685 -4 8920
6 252 -13224 -12524 2752 319 8709
6 760 -13568 -11340 3787 762 8434
6 692 -14300 -10352 3010 388 8488
6 144 -14568 -10584 2130 -729 8544
6 -476 -14996 -12056 2616 -1516 8701
6 -428 -15664 -12920 3355 -1376 8985
6 -856 -17684 -13492 3283 -819 8966
6 -1392 -19220 -13524 3015 -170 8195
6 -1332 -19640 -13392 2627 480 7137
6 -1104 -19252 -12920 2987 1420 6064
6 -1344 -19340 -11440 2840 1824 5592
6 -1184 -19860 -9716 2145 1223 4796
6 -1100 -19856 -10108 1851 336 3885
6 -1344 -19860 -10660 1778 8 3018

6 -708 -15932 -6360 431 -326 1363
6 -416 -16068 -6436 730 -378 1347
6 -496 -16644 -6796 1252 -666 1326
6 -712 -17328 -7456 2426 -847 1204
6 -1164 -18844 -7856 2632 -1184 803
6 -1516 -19024 -9432 1616 -1806 485
6 -2152 -20312 -11608 1250 -1485 479
6 -2820 -21736 -12072 1847 -770 -365
6 -2856 -22168 -12432 448 -348 -1396
6 -2816 -21428 -13536 -3307 6 -2164
6 -2696 -20844 -16048 -6550 1503 -2530
6 -2116 -20456 -17280 -6220 4114 -3043
6 -1884 -20248 -15632 -5589 6675 -3339
6 -1788 -20668 -12636 -5391 8124 -3977
6 -1540 -19896 -10980 -7700 8297 -4703
6 -1476 -18504 -11948 -12446 9203 -4645
6 -1576 -17864 -12316 -12864 10984 -3908
6 -1472 -18296 -10204 -11262 12332 -3381
6 -740 -18372 -7184 -9482 11993 -3596
6 -288 -17132 -6524 -10110 10624 -3873
6 -600 -15504 -8316 -11751 9811 -3659
6 -684 -14656 -10936 -12951 11118 -2994
6 -764 -14264 -10920 -11236 13350 -2088
6 28 -14368 -7556 -9194 14120 -1536
6 704 -14064 -4828 -8962 12752 -1306
6 1408 -12840 -4860 -8447 10842 -1239
6 1940 -12004 -5364 -7076 10053 -832
6 2220 -11504 -4928 -6169 9160 -328
6 2560 -11380 -5008 -3901 8434 -101
6 2800 -11660 -4344 -3787 7716 66
6 2952 -12208 -4548 -4845 6913 -94
6 3440 -11844 -4180 -4685 6049 -188
6 4556 -11240 -4368 -3765 4669 -12
6 4644 -11888 -4820 -2686 3277 25
6 4696 -11940 -5348 -2061 2295 -385
6 4880 -11152 -5284 -2150 1228 -526
6 4812 -10544 -5928 -2950 13 -375
6 5036 -9848 -7272 -2821 -699 -230
6 4896 -9096 -8100 -2485 -941 96
6 4952 -8360 -8848 -2373 -1397 284
6 4880 -7548 -9732 -2345 -1916 704
6 4640 -6424 -10196 -1996 -2406 1432
6 4380 -5696 -11064 -1184 -2902 2376
6 4188 -5820 -12148 -337 -2931 3215
6 3656 -6300 -12816 -970 -2678 3923
6 3076 -6596 -13908 -929 -2122 4470
6 3340 -6632 -14420 1 -1187 5184
6 3036 -6952 -13600 409 -528 6162
6 2516 -8152 -13040 -14 -339 7050
6 2000 -9744 -13872 444 -81 7350
6 1284 -11160 -14392 1494 965 7190
6 1228 -11816 -13392 1593 2218 7473
6 1448 -11932 -10656 619 1942 7787
6 908 -12840 -11008 1049 1001 7753
6 820 -12956 -11512 2634 828 7693
6 736 -12588 -10680 3839 1086 8124
6 912 -13168 -9596 3504 1048 9016
6 704 -15524 -9152 3352 491 9380
6 500 -16576 -9788 3191 -240 8918
6 628 -16912 -10656 3611 -270 8899
6 680 -18584 -10612 4750 -23 8732
6 -136 -20320 -10540 4009 -198 7900
6 52 -20696 -11476 3112 193 6730
6 28 -20676 -11164 2595 895 5769
6 400 -20664 -9676 1595 933 4996
6 360 -20552 -9952 1649 -14 4180
6 -108 -20148 -10700 2099 -669 3754
6 -76 -20252 -11532 2195 -523 3412
6 -332 -20908 -11260 1825 142 2575
6 -164 -20800 -10268 1381 383 1436
6 -292 -19748 -10048 1043 187 347
6 -336 -18476 -10240 744 -138 -132
6 -412 -17556 -10708 509 -75 -371
6 -440 -17068 -10388 409 183 -550
6 -408 -16752 -9752 -40 349 -883

6 -660 -16512 -8100 -571 453 198
6 -484 -16108 -8008 -385 787 175
6 -520 -16008 -7320 -328 865 494
6 -476 -16088 -6528 -944 419 963
6 -228 -17412 -6528 -1799 -136 1574
6 -120 -19716 -6036 -2178 -861 1852
6 -36 -22968 -6784 -2457 -1480 1143
6 40 -25616 -7716 -2508 -2147 -469
6 -88 -26932 -8888 -2791 -2061 -2700
6 -384 -26316 -9420 -3059 -1432 -5095
6 -648 -24704 -9004 -2972 -690 -6755
6 -1220 -23752 -8512 -2588 364 -8131
6 -296 -22548 -7900 -3456 341 -8729
6 -628 -21232 -7112 -3721 152 -9567
6 -292 -19704 -6384 -3989 100 -10011
6 392 -18160 -5748 -5100 -61 -9875
6 1012 -17616 -5064 -5147 -626 -9365
6 1140 -18188 -4760 -4191 -1518 -9416
6 1460 -18128 -4368 -4264 -2605 -9688
6 1972 -17500 -4600 -3650 -3484 -10236
6 1608 -16444 -4928 -3083 -4424 -10797
6 1360 -14744 -5232 -2805 -5424 -11121
6 1504 -12780 -6280 -3385 -6114 -10875
6 1920 -11348 -7876 -4401 -6275 -10013
6 2068 -10556 -8952 -4042 -6050 -9184
6 2156 -9928 -9280 -3680 -6115 -8427
6 2136 -9672 -10348 -3383 -6127 -7818
6 2312 -9060 -11256 -2906 -5874 -7259
6 2832 -8576 -11892 -2786 -5324 -6429
6 2700 -8556 -12268 -2219 -4916 -5688
6 1892 -9100 -12712 -2958 -4505 -5378
6 1696 -8644 -13876 -3946 -3662 -5085
6 1652 -7900 -14236 -3264 -2582 -4709
6 2016 -7292 -13680 -2311 -1941 -4068
6 2608 -6728 -12872 -1797 -1787 -3354
6 3424 -6552 -12692 -2494 -1763 -2468
6 3668 -6632 -12508 -2889 -1913 -1753
6 3876 -6684 -13268 -2003 -2094 -1150
6 3972 -6892 -14028 -1471 -1903 -662
6 3900 -6596 -14496 -1971 -1003 -92
6 3728 -6776 -14680 -2060 46 581
6 4320 -6820 -13184 -865 1125 1214
6 4544 -8084 -12060 264 1334 1692
6 4096 -9008 -11148 603 1600 1491
6 3444 -8840 -10160 1033 2097 1160
6 3300 -7868 -9392 2316 2926 1179
6 3648 -7568 -7408 3555 3822 1747
6 3680 -8228 -4656 4212 3834 2560
6 4824 -9180 -1884 5384 2307 3376
6 4740 -10784 -1092 7002 -541 3931
6 3288 -12520 -1744 6910 -2648 4117
6 3064 -12836 -2856 6910 -4265 4029
6 2676 -13312 -3468 6054 -5589 4788
6 2516 -14456 -5348 6410 -6237 5086
6 2244 -14948 -4652 6542 -7011 5725
6 2524 -16100 -4504 6127 -8821 6311
6 2100 -18756 -7168 6256 -10697 6034
6 1024 -19860 -10188 6052 -10696 5061
6 604 -19520 -11060 4325 -8747 4196
6 1048 -19348 -9296 2614 -7781 3932
6 1120 -19792 -8140 2962 -8873 3798
6 52 -20960 -9744 3680 -10223 3350
6 -176 -20684 -11724 3715 -10264 2848
6 752 -22028 -13052 3520 -9408 2200
6 -588 -21768 -15212 1672 -8733 1485
6 -368 -20428 -15512 2615 -7386 135
6 -224 -18908 -15944 2335 -5572 -269
6 -220 -18284 -14624 2120 -4123 -122
6 -204 -18136 -12872 1874 -3603 -429
6 340 -15944 -11200 324 -3746 -312
6 72 -16788 -11840 1598 -3666 -185
6 -628 -17968 -12476 1826 -3020 -505
6 -612 -18036 -12228 60 -2364 -655
6 -1044 -18420 -12432 339 -1655 -1176
6 -680 -18316 -12004 1014 -767 -1690

6 -1604 -16316 -3124 -215 -239 1550
6 -1072 -16180 -2740 98 -197 1788
6 -1260 -16760 -3376 -180 -258 1704
6 -1400 -16396 -3292 -400 -156 1702
6 -1692 -16720 -2784 -722 -233 1787
6 -1340 -17396 -2476 -907 -589 1807
6 -1008 -18772 -2472 -1344 -1111 1826
6 -244 -20272 -1804 -1093 -1090 1739
6 44 -22716 -132 -1273 -1440 1445
6 -216 -24952 196 -2514 -2248 788
6 -904 -27748 -1120 -3131 -2406 -683
6 -1972 -27648 1084 -4353 -2363 -2713
6 -1836 -26176 2848 -5166 -2237 -4889
6 -2724 -24680 3920 -5077 -4014 -5968
6 -3000 -24172 1140 -5152 -4139 -7052
6 -2824 -22488 1376 -5678 -4476 -8138
6 -2664 -21116 1896 -6464 -5148 -9102
6 -2164 -19056 1124 -6657 -6318 -9703
6 -2404 -17548 -596 -5468 -7126 -9965
6 -2300 -16280 -1180 -4610 -7846 -9940
6 -1876 -14852 -2704 -5297 -8602 -9634
6 -1828 -14128 -5048 -5344 -8450 -8982
6 -880 -13792 -5772 -4071 -7991 -8469
6 -620 -14028 -5772 -4238 -7984 -7867
6 -768 -14188 -6964 -4663 -7937 -7498
6 -788 -14052 -8496 -3487 -7243 -7332
6 -720 -13616 -8336 -3488 -6218 -7222
6 340 -12552 -8072 -4031 -5608 -6649
6 964 -11632 -7880 -3850 -5608 -5572
6 156 -12156 -8856 -4200 -5720 -4764
6 300 -12148 -10244 -4135 -4819 -4376
6 852 -12072 -10292 -3913 -3908 -3775
6 348 -12652 -9716 -3878 -3266 -3549
6 544 -12028 -9356 -3555 -3340 -3715
6 1284 -10576 -10272 -2745 -3471 -3524
6 1736 -9788 -11020 -2078 -2800 -2845
6 1928 -9712 -10788 -2206 -2070 -2258
6 2008 -9720 -10744 -2814 -1620 -1713
6 2292 -9452 -10928 -2610 -1020 -1256
6 2464 -9456 -10580 -1380 -508 -632
6 2424 -9932 -9820 -1087 -292 -294
6 2448 -9956 -10084 -1140 65 -212
6 2560 -9284 -9552 -762 905 -198
6 2580 -8908 -8524 -127 1966 171
6 2528 -8660 -6672 452 3156 367
6 2120 -8600 -4488 517 4057 505
6 2376 -8596 -2064 1267 4601 785
6 2264 -9248 1424 2710 4436 1113
6 2020 -9820 4696 2640 2797 1251
6 2904 -10240 5140 3769 -865 2300
6 3200 -12056 3472 7711 -4873 3581
6 2996 -14160 1252 9250 -7366 4800
6 1948 -17824 -2180 7778 -8573 4659
6 1712 -18572 -5676 5098 -7861 4191
6 1316 -19640 -7148 5924 -7383 4415
6 144 -22096 -8132 6081 -6700 4310
6 -32 -24092 -8592 6370 -5373 2876
6 488 -22900 -6652 4919 -4885 1395
6 1100 -21676 -6812 3198 -5782 1182
6 496 -21052 -8736 3179 -6878 1399
6 40 -20428 -11168 3840 -7003 2015
6 1176 -21024 -11696 5648 -6078 2075
6 1280 -21252 -11840 2254 -4580 2097
6 1112 -20728 -12072 -697 -3612 1746
6 744 -20060 -12644 -308 -2663 1643
6 220 -20024 -11236 875 -2004 1766
6 -96 -20028 -10276 1228 -1169 1868
6 -76 -20408 -8984 1117 -607 1579
6 260 -20564 -8356 -461 -164 800
6 92 -19944 -7844 -466 708 33
6 -60 -18912 -6904 63 1233 -482
6 192 -17272 -4968 164 1418 -484
6 384 -17400 -4380 65 1054 -327
6 436 -17880 -3960 -629 917 -679
6 428 -17300 -3936 -1199 1091 -1058

6 -1176 -15080 -6748 4 362 2171
6 -1304 -16512 -6584 -154 584 2389
6 -1268 -17672 -6532 31 1173 1968
6 -1196 -17688 -5324 173 1609 1340
6 -1000 -17248 -4116 -228 1489 947
6 -336 -16368 -3844 -159 815 1287
6 176 -17008 -3648 515 46 2315
6 1288 -19652 -3040 803 -28 3094
6 1336 -22484 -2264 209 -411 2608
6 264 -24120 -2520 -554 -807 1384
6 -160 -24012 -2800 175 -1004 59
6 -580 -23460 -1264 -326 -1304 -918
6 -1684 -23416 -164 -1547 -3046 -1619
6 -2156 -24400 36 -1712 -2241 -3066
6 -2008 -25440 -700 -2311 -2954 -4324
6 -2768 -25468 -628 -3476 -4060 -5985
6 -3020 -23576 -2648 -3855 -4982 -7459
6 -2620 -20512 -5288 -2675 -5118 -8031
6 -3624 -19392 -6024 -2977 -4473 -7873
6 -3772 -18220 -6972 -4064 -3930 -7944
6 -3432 -16140 -7228 -4947 -2584 -7602
6 -3720 -15812 -6684 -4631 -1713 -7309
6 -3072 -15328 -5464 -5747 -1968 -7009
6 -3060 -14952 -5636 -4869 -3121 -6847
6 -3132 -14068 -7564 -3989 -3754 -6766
6 -3232 -13568 -9528 -3203 -3483 -6815
6 -2920 -12224 -11256 -3156 -2190 -7053
6 -1752 -10664 -9948 -3155 -681 -6891
6 -1132 -9480 -8840 -4120 -325 -6671
6 -168 -7348 -8852 -3042 -377 -5999
6 620 -6000 -8212 -1861 -592 -4872
6 1224 -5028 -7644 -3257 -630 -3476
6 1608 -4620 -8312 -3012 -887 -1955
6 2036 -5456 -7660 -1313 -1166 -372
6 2684 -7664 -7248 -1153 -1609 682
6 2676 -9784 -7168 -1580 -1746 582
6 2168 -11036 -7156 -1497 -1610 28
6 2024 -11024 -6968 -415 -1480 -399
6 1828 -10836 -6700 1297 -1117 -506
6 1196 -10788 -6080 2501 -319 -695
6 808 -10220 -3364 1812 675 -586
6 1584 -9612 240 -97 378 28
6 1928 -8832 1352 2064 -2161 1237
6 1524 -9224 56 6612 -5754 3379
6 812 -12084 -3616 9886 -6494 4679
6 -1040 -15800 -3564 7994 -4803 4651
6 -1204 -16200 -936 5464 -3464 3381
6 -1056 -17192 280 5820 -5401 3306
6 -576 -18340 -620 5106 -7893 3046
6 -656 -18752 -3616 4143 -8640 2312
6 -812 -18916 -5264 3347 -9739 2004
6 -328 -16736 -9076 3676 -10732 2784
6 -720 -16844 -12124 4460 -9120 4246
6 300 -19420 -9712 1948 -7313 5050
6 948 -22184 -9020 -692 -8151 4787
6 596 -22096 -13824 1848 -8639 4006
6 -684 -21328 -17360 2751 -6411 4157
6 -1012 -23820 -16764 2210 -2757 3509
6 -1712 -24716 -13044 -716 -535 2362
6 -2304 -24196 -9428 102 -645 1011
6 -2456 -22756 -8176 747 -1077 -258
6 -2136 -20816 -8440 -1322 -684 -1079
6 -2024 -18940 -7604 -3038 207 -1325
6 -1356 -18408 -7188 -1953 407 -1337
6 -1692 -17516 -6108 -1439 190 -1097
6 -2384 -16688 -7064 -2984 1147 -409
6 -924 -17300 -4592 -493 1024 -888
6 -1392 -17276 -4072 -2772 794 -1053
6 -948 -16460 -4248 -2515 611 -1157
6 -992 -16172 -4240 -1417 550 -1122
6 -1076 -16356 -3740 -829 50 -1106
6 -892 -16576 -3856 -514 -421 -1139
6 -564 -16364 -4316 -994 -612 -1144
6 -848 -16464 -4904 -972 -405 -1082
6 -800 -16080 -4840 9 -435 -1071

6 -188 -16524 -3884 -320 98 641
6 -328 -17104 -3764 -642 -13 586
6 -660 -17264 -4008 -301 -84 249
6 -776 -17140 -3936 -199 -87 133
6 -640 -17068 -3804 -224 -193 19
6 -216 -16628 -3832 -493 -390 -82
6 -112 -16088 -4204 -492 -497 122
6 -368 -16044 -4684 -140 -182 626
6 -896 -17228 -4796 -403 246 756
6 -696 -18124 -3892 -274 400 361
6 -184 -18072 -3516 121 148 -335
6 -8 -16808 -3588 -178 -132 -806
6 -108 -15744 -4360 -559 4 -603
6 -168 -15696 -4612 15 831 -134
6 -464 -16452 -4004 -127 793 412
6 -520 -17492 -2460 -130 574 436
6 -244 -18276 -2804 -431 -371 145
6 -220 -17832 -2900 -981 -1078 -10
6 404 -18304 -4536 -952 -392 -106
6 1296 -20588 -3768 96 569 64
6 1544 -22760 -1000 325 602 -603
6 1012 -23496 440 -1901 -413 -1391
6 40 -24612 -288 -2587 -1769 -1993
6 -336 -25824 -580 -1966 -2479 -2871
6 -368 -26588 -448 -1956 -2909 -4239
6 -452 -26448 -476 -1803 -3622 -5898
6 -36 -25180 -796 -1631 -4534 -7461
6 -116 -24096 -1944 -2744 -5158 -8477
6 -108 -22512 -3500 -3742 -4834 -9362
6 840 -20320 -3336 -3872 -4138 -9607
6 1416 -18840 -2900 -3384 -4349 -9528
6 1080 -17800 -3480 -4101 -4605 -9470
6 748 -15928 -4396 -3214 -4459 -9480
6 520 -14008 -4764 -2714 -4175 -9289
6 588 -11944 -5124 -3304 -3934 -8704
6 276 -11032 -5876 -3667 -2969 -7836
6 576 -10584 -5028 -2374 -2293 -7376
6 500 -9640 -3924 -1469 -2834 -7437
6 1384 -7388 -4688 -719 -3764 -7259
6 2324 -5116 -5148 34 -3930 -6042
6 2776 -4656 -5180 -358 -3787 -4572
6 2404 -4844 -5672 -1189 -3781 -3090
6 2280 -5628 -6368 -643 -3543 -1814
6 2656 -6764 -6044 168 -2861 -880
6 2728 -7676 -4588 306 -2561 -478
6 3192 -7156 -4584 665 -2611 -182
6 3632 -6636 -4928 1461 -2121 543
6 3312 -6428 -3240 115 -476 1732
6 2740 -7248 -208 135 359 2626
6 2316 -8276 2112 1246 -1492 3809
6 2456 -9444 1372 3894 -4094 4894
6 1732 -11624 -672 6707 -4137 5446
6 972 -13224 1772 6834 -3397 5493
6 1608 -13696 5400 4079 -4758 5753
6 2420 -14720 3632 3454 -8611 7146
6 1012 -17396 -1332 6454 -10899 8581
6 -1460 -21612 -4240 6886 -10379 8802
6 -1020 -23384 -3696 3038 -9953 8155
6 -404 -23800 -5956 1334 -10980 7572
6 -536 -24756 -9388 2351 -11087 6972
6 -696 -25664 -11336 1642 -9599 6165
6 -568 -26396 -11528 -262 -7963 4923
6 0 -26028 -12116 -197 -7613 3643
6 172 -25224 -13128 -447 -6904 2549
6 24 -24016 -14380 -1862 -4912 1531
6 -188 -22732 -13312 -1559 -2551 674
6 -460 -22012 -10612 -1654 -1363 95
6 -420 -21428 -9084 -1906 -981 -425
6 -520 -20672 -8168 -2356 -464 -1125
6 -800 -18832 -7920 -3885 -435 -1441
6 -228 -16988 -7232 -3815 -282 -1228
6 32 -16808 -6076 -1820 25 -1156
6 88 -16804 -6512 -1637 361 -858
6 292 -16748 -5788 -680 713 -965
6 188 -15932 -4896 -788 767 -862

6 -956 -16620 -5060 -756 414 571
6 -1180 -16164 -5416 -931 -86 614
6 -1556 -16424 -5784 -605 -132 712
6 -1472 -16816 -5560 -1084 -30 704
6 -1004 -17012 -5200 -1193 -400 827
6 -1068 -18276 -5660 -330 -948 835
6 -712 -19280 -4956 -387 -1092 683
6 -796 -20492 -4808 -2078 -1134 461
6 -436 -21948 -4412 -3317 -1106 10
6 -188 -23820 -4156 -2740 -1237 -971
6 -540 -25028 -2428 -1830 -1614 -2295
6 -632 -25024 -1028 -1316 -2887 -3977
6 -756 -23976 -1512 -1140 -4678 -5389
6 -1200 -23396 -3508 -1415 -5406 -6635
6 -1888 -22480 -4508 -3211 -4906 -7703
6 -1952 -21136 -4200 -3604 -4797 -8570
6 -1552 -19624 -4324 -3541 -4769 -9038
6 -1328 -18560 -4932 -4353 -5053 -8994
6 -1332 -18408 -5656 -3986 -5299 -9083
6 -760 -17324 -6048 -4024 -5837 -9180
6 -552 -16344 -7916 -4659 -5595 -9114
6 -656 -15656 -9456 -4439 -4489 -8962
6 -864 -14976 -9124 -4102 -3314 -8801
6 -716 -13932 -9160 -4755 -2808 -8514
6 -380 -12876 -8944 -4275 -2426 -7912
6 172 -12312 -8404 -3268 -2615 -7402
6 100 -11636 -8912 -3751 -2419 -6990
6 712 -10732 -9468 -3379 -1649 -6603
6 1500 -10164 -8036 -3643 -1341 -5851
6 1776 -9496 -8060 -3565 -1873 -5305
6 2004 -8608 -8792 -3683 -2257 -4388
6 1712 -8124 -9960 -2655 -1845 -3396
6 2160 -7996 -9832 -2225 -1461 -2278
6 2468 -8496 -9552 -1758 -1017 -1350
6 2848 -9400 -8428 -1624 -771 -872
6 2900 -10204 -8304 -1125 -998 -986
6 2652 -10336 -8692 -386 -901 -1082
6 3036 -10496 -8160 113 -308 -783
6 3176 -10680 -6580 484 -98 -640
6 3376 -10704 -5912 633 -263 -439
6 3676 -11316 -4952 1109 -597 -83
6 3520 -11636 -4580 1890 -1086 2
6 3272 -11448 -4232 2414 -1501 259
6 3660 -11280 -3504 2158 -2024 845
6 3796 -12848 -3560 2325 -3126 1553
6 3060 -13984 -4068 3167 -4314 1583
6 2372 -13568 -5184 3361 -5237 1751
6 2412 -12944 -6512 3999 -5552 2738
6 2400 -14084 -6392 4057 -5859 3888
6 2116 -16628 -7048 2327 -6451 4315
6 1772 -17464 -7260 2415 -6931 4114
6 1128 -18476 -8412 3546 -7280 3638
6 892 -18928 -9376 4153 -6698 2790
6 872 -18248 -8820 3427 -5913 2074
6 648 -18380 -8332 2215 -5047 1650
6 580 -18724 -7560 2409 -4672 1023
6 392 -18352 -7060 2938 -5091 363
6 276 -17020 -7596 2650 -5435 234
6 -4 -16720 -8240 2823 -4918 345
6 -144 -16752 -6632 1879 -4709 476
6 140 -15940 -6724 1854 -5576 892
6 -120 -15736 -7912 2633 -6441 1805
6 -920 -16728 -8752 2200 -6620 2633
6 -576 -17020 -8656 266 -6232 2994
6 -840 -18108 -9416 -52 -6065 3213
6 -1264 -21908 -12516 3814 -6134 2185
6 -796 -20648 -11672 2077 -5150 1452
6 -700 -19108 -12236 422 -3715 875
6 -560 -18108 -11752 -688 -1795 495
6 -84 -17904 -10640 -279 -1029 422
6 356 -17476 -9656 212 -934 648
6 68 -17468 -9176 -27 -593 806
6 -316 -17580 -8700 -329 -165 632
6 -1392 -18980 -8396 -264 137 468
6 -1092 -18860 -7672 -178 357 -27

6 -36 -16064 -4116 -784 -373 592
6 420 -16144 -5212 -1152 -746 632
6 212 -16224 -6476 6 -671 770
6 -136 -16876 -6920 687 -881 1253
6 -1040 -18716 -8236 1260 -1122 1445
6 -1856 -21984 -9060 375 -1259 997
6 -2412 -24016 -10400 -2967 -1126 -548
6 -2716 -23752 -13148 -4714 -516 -2313
6 -2364 -22540 -15132 -4406 1010 -3063
6 -2120 -21872 -15176 -3842 3026 -3580
6 -2324 -21776 -14348 -4327 4784 -4208
6 -2036 -20616 -13104 -5471 6156 -5296
6 -1760 -18624 -12604 -7480 7286 -5965
6 -892 -15788 -11624 -7786 8054 -5671
6 -540 -14320 -11436 -7386 8370 -4340
6 -968 -14776 -10992 -7055 9262 -3023
6 -1088 -15900 -9640 -8365 10220 -2623
6 88 -15656 -8336 -10256 10500 -2395
6 828 -15676 -8868 -8714 11141 -1942
6 1080 -16228 -6888 -6554 11854 -1977
6 1196 -15760 -4932 -7124 12136 -2114
6 1192 -15176 -2992 -8536 11715 -2217
6 1576 -14308 -2472 -8457 10255 -1648
6 1536 -14768 -2604 -6069 8399 -1346
6 1272 -14564 -3184 -6636 6826 -1147
6 1260 -15244 -5340 -6654 6623 -1539
6 1184 -14492 -4960 -5195 6789 -2010
6 2308 -13368 -3548 -4526 6086 -2190
6 3024 -12096 -4048 -3550 4893 -2195
6 3448 -11312 -4324 -2055 4299 -1995
6 3288 -10324 -3744 -1709 3582 -1917
6 3216 -9488 -3524 -2661 2614 -1514
6 3708 -8808 -3788 -2400 1607 -1099
6 3876 -7704 -3912 -2013 368 -447
6 3876 -7080 -4532 -1247 -918 471
6 3528 -6948 -5752 -1049 -2064 1536
6 3696 -7092 -7464 -1637 -2754 2359
6 3500 -7012 -9336 -2695 -2451 3131
6 3156 -7232 -10620 -1471 -1702 3917
6 2836 -7636 -10620 -77 -1373 4771
6 2720 -8048 -10112 127 -1405 5868
6 2480 -9200 -11132 654 -1777 6737
6 2144 -10384 -12104 447 -1468 7462
6 1768 -10948 -12128 -205 -880 8039
6 1300 -11512 -12516 1150 -197 8529
6 996 -12092 -11624 2230 330 9123
6 632 -13056 -10468 1640 624 10052
6 228 -14648 -9872 1454 599 10430
6 -360 -16040 -9424 1729 471 10436
6 -584 -16792 -9144 2105 185 10524
6 -948 -17520 -9420 2543 59 10612
6 -1048 -19116 -9284 2561 99 10552
6 -1364 -20908 -9032 2263 180 10062
6 -1268 -22536 -8592 2107 242 9182
6 -1692 -24280 -8568 1841 -66 7809
6 -1884 -25456 -9172 1263 -246 5851
6 -2084 -25756 -10024 1914 42 3679
6 -2216 -24684 -9848 3032 924 1570
6 -2028 -23288 -8568 2640 1384 39
6 -1644 -21420 -7584 1754 1227 -1191
6 -1364 -19416 -7260 1674 694 -1884
6 -1284 -17820 -7676 1239 224 -2158
6 -1212 -16692 -7864 699 -83 -1949
6 -1552 -15796 -7872 243 -231 -1691
6 -1656 -15340 -8128 259 -412 -1287
6 -1372 -15392 -7932 -344 -764 -964
6 -1252 -15572 -8664 -78 -771 -983
6 -1168 -15172 -8760 -126 -809 -1136
6 -1284 -14656 -8472 -525 -784 -1080
6 -1636 -14408 -9204 -1066 -839 -877
6 -1380 -14476 -9180 -492 -374 -472
6 -1112 -15252 -8784 226 -436 -523
6 -584 -14900 -8772 -322 -464 -654
6 -412 -14752 -9000 -520 -390 -647
6 -556 -13952 -9588 0 50 -373

6 -184 -15772 -6024 -83 -245 526
6 -276 -15808 -6024 -194 -80 887
6 -76 -16192 -5704 -602 -203 1131
6 52 -16940 -5748 -809 -629 1038
6 92 -17020 -6352 -392 -909 710
6 196 -16984 -7012 -326 -954 773
6 376 -16880 -7020 -705 -827 1008
6 648 -17336 -6740 -1084 -699 1426
6 320 -18664 -7300 -1043 -421 1618
6 100 -19824 -6708 -636 -73 1420
6 416 -20620 -6288 -625 157 881
6 876 -20792 -5800 -1558 658 67
6 1580 -22268 -10180 -2096 -401 -438
6 -204 -19320 -2536 -2718 314 -1146
6 72 -20384 -4620 -1421 1364 -1983
6 412 -20040 -2352 -1554 681 -1843
6 376 -20924 -444 -3275 -406 -2412
6 172 -21124 -1336 -4495 -1595 -3349
6 408 -20660 -1716 -2202 -2394 -4007
6 -148 -21644 -812 -1633 -3716 -4587
6 -836 -21920 -1832 -2870 -4750 -5487
6 -684 -21504 -2728 -2346 -4997 -6566
6 -20 -20564 -2136 -1439 -5377 -7275
6 -76 -19996 -1240 -1579 -6739 -7713
6 -632 -19876 -2864 -2241 -8338 -8036
6 -580 -18932 -5252 -1845 -9182 -8399
6 248 -17672 -7096 -1304 -9420 -8263
6 -472 -17984 -9180 -2045 -8581 -8278
6 -156 -17188 -10016 -2752 -7439 -8567
6 -132 -16072 -10772 -3301 -6092 -8664
6 884 -14908 -10680 -3612 -5039 -8208
6 1044 -13892 -10468 -2802 -4497 -7883
6 516 -12552 -10920 -3389 -4179 -7440
6 68 -10876 -11824 -3576 -2884 -6916
6 284 -9448 -11112 -3543 -2033 -5803
6 764 -8348 -10748 -3263 -1714 -4777
6 1604 -6780 -10780 -2552 -1762 -3554
6 1504 -6264 -11480 -3130 -1289 -2074
6 1112 -6636 -11568 -3504 -348 -750
6 1272 -7716 -10552 -2997 314 60
6 1320 -9580 -9348 -2807 250 213
6 1724 -10020 -8732 -3095 617 -240
6 2080 -10168 -7788 -2523 994 -628
6 2612 -10040 -7600 -654 558 -836
6 2740 -9584 -6468 195 -501 -546
6 3044 -9396 -6560 -16 -1275 -58
6 3496 -9860 -7004 -115 -1070 769
6 3572 -11220 -6352 560 -471 1195
6 3844 -12268 -4348 1040 -616 1038
6 3560 -13208 -4188 1748 -1011 273
6 3316 -12996 -3860 2607 -815 -441
6 3320 -11812 -2924 3229 -850 -455
6 3304 -11368 -2356 4754 -1563 414
6 2700 -12704 -3328 6442 -2190 616
6 2332 -14148 -5560 6367 -1652 635
6 2140 -15200 -6944 7529 -302 197
6 2140 -15076 -4316 8784 501 -146
6 2844 -13148 -656 7221 -984 906
6 3476 -13144 -888 7144 -3995 3462
6 2752 -17728 -3084 10089 -6726 5080
6 2140 -19724 -3564 10422 -8022 4868
6 1664 -19484 -5288 6758 -8730 4845
6 840 -20128 -7660 4136 -8263 5106
6 1400 -21408 -7768 4017 -7682 5239
6 1436 -22468 -6452 4100 -8147 4664
6 1216 -22748 -7244 2248 -8585 3827
6 1104 -21996 -9020 1435 -8922 2940
6 1348 -21104 -9716 2144 -8552 2076
6 844 -21108 -12340 -419 -7068 1569
6 20 -21812 -14412 -66 -5606 833
6 328 -20316 -14044 -816 -3449 910
6 820 -19632 -11164 -226 -2215 771
6 2348 -17324 -7412 -2167 -1689 332
6 896 -18980 -9752 -1866 -1838 -622
6 568 -17820 -10124 -1318 -1182 -673

6 -1892 -14996 -8872 -394 -400 516
6 -1644 -15692 -8496 -547 135 883
6 -1400 -16256 -7884 -1286 483 928
6 -1796 -17248 -7512 -1159 1016 874
6 -2560 -19460 -5564 -561 1324 815
6 -1316 -20788 -2536 -589 487 317
6 -892 -22152 -1636 -633 -1831 -119
6 -996 -22720 -2064 -777 -3575 -693
6 -992 -24200 -5168 -2122 -3996 -1559
6 -1468 -25112 -6516 -2882 -3031 -3083
6 -1764 -25464 -4928 -3260 -1401 -4958
6 -2204 -25356 -3464 -3581 -889 -6991
6 -2092 -23440 -2528 -3950 -2263 -8519
6 -3656 -21308 -2912 -3232 -3661 -9490
6 -4356 -19740 -3988 -3768 -4675 -9757
6 -4156 -18112 -5924 -4439 -5222 -9707
6 -3532 -17300 -8220 -4977 -4738 -9535
6 -2748 -16644 -8028 -4749 -3911 -9602
6 -2212 -15596 -7784 -5633 -4001 -9808
6 -2480 -13656 -9152 -5319 -4083 -9594
6 -2296 -12264 -9544 -4210 -3577 -9012
6 -1328 -11380 -8540 -4561 -3119 -8191
6 -628 -10788 -8492 -4989 -3153 -7272
6 -216 -10100 -8700 -3694 -3243 -6463
6 56 -10260 -8976 -2532 -3602 -5607
6 200 -10220 -9400 -2310 -3796 -5119
6 276 -9396 -11068 -1807 -3446 -4986
6 -116 -8644 -12036 -1465 -2780 -4374
6 -396 -7848 -11820 -1114 -2000 -3621
6 -308 -7880 -11712 -1727 -1329 -2811
6 508 -7736 -11032 -1284 -617 -2196
6 996 -8140 -10844 -962 -303 -1734
6 1480 -9280 -10332 -838 -16 -1500
6 1828 -9404 -8920 -768 -408 -1462
6 1936 -8916 -8860 -1194 -982 -1385
6 2252 -7864 -9196 -810 -926 -564
6 2604 -8840 -8504 -223 -1100 756
6 2636 -10428 -8308 428 -1575 1337
6 2064 -12060 -9704 1567 -1111 1318
6 2420 -12528 -8048 2277 815 950
6 1684 -13252 -4900 -349 2566 394
6 1744 -13184 -1776 -2474 2674 -384
6 2384 -12540 480 602 721 -343
6 2112 -13072 784 5581 -2261 -226
6 976 -13312 -116 7874 -4252 -171
6 972 -12504 -408 6850 -5538 286
6 432 -13400 -1936 5580 -7033 1163
6 504 -14480 -4240 6010 -8154 1934
6 420 -16992 -6388 7987 -8318 2391
6 -316 -19572 -5504 6060 -8128 1823
6 -580 -20404 -6420 2436 -9175 803
6 -792 -19064 -10588 1731 -9975 707
6 -1996 -19740 -13780 3075 -10092 1423
6 -108 -21536 -15396 4560 -7907 933
6 -796 -20352 -13888 1493 -6518 80
6 -284 -19880 -15000 -771 -6453 -299
6 -192 -19168 -16060 422 -5949 -240
6 -60 -17492 -15392 119 -5400 531
6 188 -16916 -14996 -1080 -4957 1222
6 -156 -18024 -15428 -2069 -4399 1966
6 5820 -14372 -11612 -1409 -3659 2228
6 -1160 -21008 -16092 382 -2808 1315
6 -1748 -20224 -13420 -589 -129 581
6 -240 -18936 -10664 -1309 944 -371
6 -544 -17700 -9848 -2301 1056 -756
6 -364 -16692 -8788 -1137 1318 -705
6 -512 -16212 -7260 -187 1052 -447
6 -576 -16008 -6508 66 603 -83
6 -532 -16476 -6740 169 142 -18
6 -524 -16928 -7416 227 322 -279
6 -160 -16560 -6932 -49 659 -688
6 -136 -16104 -6668 -454 575 -860
6 -124 -15660 -6960 -302 96 -766
6 200 -14920 -6712 712 -58 -710
6 -156 -15872 -7744 783 545 -552

6 -1872 -14468 -8512 1431 542 332
6 -1872 -14768 -7784 846 570 525
6 -2036 -14920 -7608 160 490 599
6 -1924 -14872 -7924 945 444 611
6 -1976 -14952 -7660 1005 398 939
6 -1920 -16148 -7404 276 227 1220
6 -1504 -16376 -6952 -602 255 1461
6 -1484 -17952 -6452 -1062 -160 1592
6 -1572 -18984 -5628 -1495 -945 1401
6 -1196 -21440 -6872 -915 -958 797
6 -1752 -22540 -7244 -624 -1567 -320
6 -2616 -22312 -8580 -1256 -1209 -1530
6 -3156 -21776 -8992 -2084 448 -2311
6 -3868 -21720 -6480 -3546 1436 -3016
6 -3620 -21828 -4944 -4759 724 -3940
6 -3900 -21112 -4976 -3902 -853 -4947
6 -3512 -19656 -6292 -2075 -1936 -5394
6 -3084 -19272 -6664 -888 -2522 -5644
6 -3116 -19152 -7120 -2778 -2456 -6154
6 -2628 -17960 -8036 -4642 -1904 -6564
6 -2736 -17768 -7864 -4487 -1238 -6477
6 -2084 -17780 -6648 -4582 -1317 -6676
6 -1452 -17356 -6612 -4349 -1995 -7069
6 -64 -15388 -7120 -2915 -2331 -7357
6 140 -14448 -7376 -3103 -1830 -6833
6 -452 -14472 -6808 -3680 -1656 -6732
6 -1676 -14552 -7552 -4478 -2039 -6768
6 -2180 -13788 -7452 -4722 -2221 -6433
6 -1852 -14044 -8700 -3385 -2686 -6098
6 -1612 -14628 -9084 -2678 -2942 -5962
6 -1192 -14560 -9620 -2683 -3056 -6444
6 -1312 -14088 -10604 -3605 -3101 -6636
6 -1460 -13504 -11720 -3628 -2919 -6952
6 -876 -12372 -11672 -2871 -2428 -6762
6 -476 -11520 -11340 -2555 -2692 -6464
6 -8 -10972 -12040 -3093 -2916 -6087
6 144 -10196 -13448 -1747 -2973 -6130
6 584 -8572 -14472 -1166 -2500 -5635
6 1508 -6960 -14640 -1257 -1212 -4961
6 1688 -6280 -13940 -1855 75 -3824
6 1904 -6200 -12624 -2284 708 -2776
6 2764 -6296 -11428 -1991 849 -1780
6 2520 -7368 -10608 -1816 470 -1108
6 2328 -8088 -10064 -2913 67 -586
6 2416 -8848 -9908 -2695 -585 -230
6 2100 -10080 -10528 -1362 -1330 -154
6 3008 -10180 -10332 -598 -1337 -258
6 3144 -10160 -10652 -825 -1330 -213
6 3100 -9928 -11964 -433 -930 74
6 3216 -10272 -11124 285 15 587
6 3040 -11148 -9572 -85 704 697
6 3000 -12360 -7836 -654 1429 505
6 2940 -12808 -5952 409 1108 -60
6 2420 -12828 -5160 2791 314 -626
6 2496 -11968 -4136 3982 -523 -468
6 2160 -11912 -3712 4325 -2010 99
6 2188 -12212 -3880 3943 -3231 920
6 2120 -12596 -3916 4837 -3949 1689
6 1772 -14328 -4000 4292 -5479 2485
6 1252 -15776 -5656 5128 -6754 2157
6 484 -15928 -6772 5046 -6782 1745
6 388 -15616 -6632 3444 -7335 1887
6 -212 -16152 -7964 2809 -8053 2023
6 -888 -16972 -9128 3597 -8143 2050
6 -1112 -17840 -9620 3703 -8064 1728
6 -1184 -17520 -9708 2980 -7817 1203
6 -668 -17824 -10364 2679 -7937 1279
6 -968 -18696 -11796 4173 -7572 663
6 -1768 -18508 -12076 4230 -6949 11
6 -1580 -17612 -11928 1638 -6037 -281
6 -1972 -16836 -12480 -585 -5444 197
6 -1100 -16260 -12860 -976 -4858 1309
6 -1084 -18032 -11988 1871 -5079 1703
6 -1824 -19572 -12916 455 -5336 1119
6 -1532 -19292 -14288 -557 -4872 596

6 -940 -15836 -2272 -680 -409 -100
6 -744 -15444 -2300 41 -216 301
6 -836 -15872 -1716 127 35 661
6 -820 -16252 -692 -238 -523 613
6 -700 -15792 -1252 -767 -1380 661
6 -532 -15744 -2980 -63 -1955 1395
6 -980 -16592 -3672 695 -1790 1604
6 -1316 -18060 -4196 -128 -1277 1496
6 -1152 -19732 -4268 -1437 -1041 883
6 -896 -20876 -5328 -1964 -1431 -2
6 -968 -21408 -6340 -2822 -1832 -553
6 -756 -21960 -7940 -3841 -2247 -1036
6 -1056 -22280 -10548 -4436 -1778 -1491
6 -1396 -22644 -12276 -4577 -230 -2290
6 -988 -22248 -12488 -5371 2244 -3002
6 -1316 -21964 -11804 -5412 4567 -3833
6 -2004 -21604 -10264 -6419 6691 -4843
6 -1412 -19708 -7788 -8212 7840 -5690
6 -840 -17824 -7524 -8577 8345 -5426
6 -644 -15788 -6232 -7488 8332 -4455
6 -372 -15284 -5732 -7101 7704 -3135
6 16 -15476 -6192 -5983 7452 -2029
6 268 -16092 -6240 -3822 8019 -1578
6 -408 -16140 -4308 -3410 8561 -1836
6 -1072 -16068 -4048 -4952 8654 -2353
6 -1276 -16040 -3464 -5272 8923 -2636
6 -396 -15376 -2692 -5129 8522 -2573
6 -224 -15136 -2040 -3096 8080 -2098
6 -376 -15532 -348 -1724 7221 -1966
6 -380 -15648 -136 -1383 6187 -2420
6 108 -15284 156 -2202 5248 -2426
6 8 -15960 -76 -2612 3807 -2516
6 780 -16092 -1352 -2600 2382 -2645
6 1032 -15808 -3104 -400 1652 -2923
6 1428 -15116 -3236 -374 1512 -2998
6 1712 -14672 -3444 -1040 1197 -3131
6 2044 -13848 -3524 -1179 544 -2892
6 2596 -13240 -4012 -951 -292 -2435
6 2476 -13004 -4880 64 -598 -2088
6 2956 -12696 -5012 -354 -722 -1466
6 3284 -12796 -5428 231 -919 -1129
6 3316 -12520 -5944 -240 -1091 -851
6 3516 -11992 -6416 -567 -1060 -396
6 3548 -11900 -6780 -477 -1004 118
6 3012 -11896 -6772 -379 -817 617
6 2984 -11956 -6784 -953 -963 928
6 3308 -11708 -7416 -1589 -1312 1366
6 3084 -11608 -8392 -742 -1399 1858
6 2668 -11644 -9008 -474 -1241 2225
6 2600 -11124 -9880 -782 -983 2509
6 2648 -10380 -10992 -1535 -320 3328
6 2172 -10668 -11700 -1534 1171 4303
6 1872 -11884 -10668 -1577 2896 5071
6 1408 -12704 -8864 -1652 3232 5393
6 1212 -13080 -8160 -2528 3013 5461
6 400 -13160 -8912 -1605 2743 5944
6 -120 -13396 -8072 -409 3218 6567
6 -220 -13760 -6332 -236 3352 7441
6 -812 -15488 -6376 -108 2652 7791
6 -988 -16424 -6724 481 2163 7619
6 -1196 -16284 -7436 1468 2196 7426
6 -1020 -16472 -7240 1678 2779 7481
6 -1236 -16728 -6508 1208 3293 7242
6 -1304 -16804 -6324 -42 3601 7348
6 -1116 -17296 -5000 157 3499 7422
6 -1576 -18264 -4476 -139 2599 7620
6 -1920 -19540 -5136 85 1478 7556
6 -2200 -21052 -6476 -60 1284 7187
6 -2532 -22296 -7184 577 2027 6376
6 -3172 -23692 -6692 1288 3187 5299
6 -3320 -24452 -5048 1253 3630 3665
6 -3392 -24232 -3976 887 3117 1798
6 -3224 -23264 -3352 556 2354 284
6 -2856 -21220 -3096 1112 1293 -615
6 -2988 -19836 -3276 578 265 -946