2 15528 4556 1640 500 250 0
2 15304 4352 1956 -210 221 -47
2 15096 4140 2336 -360 -127 -98
2 15408 4028 2164 -27 -323 -255
2 15468 4116 2384 238 -394 -478
2 15300 4368 2436 371 -394 -558
2 15476 4464 2236 101 -248 -522
2 15388 4276 2264 56 -303 -753
2 15384 4428 2212 556 -357 -868
2 15560 4624 2268 214 -426 -798
2 15440 4332 2256 -222 -534 -773
2 15300 3936 2388 112 -477 -794
2 15132 3972 2464 524 -741 -840
2 15168 4012 2384 233 -1058 -925
2 15296 4128 2424 158 -1247 -857
2 15616 3996 2316 50 -1255 -759
2 15376 3824 2276 -435 -1366 -956
2 15428 3924 2284 255 -1543 -1034
2 15780 4400 1880 179 -1714 -1137
2 16516 4908 1240 -534 -1573 -1557
2 16820 5560 592 -948 -1547 -2053
2 17808 6584 104 -1104 -1719 -2431
2 18504 7296 -724 -1299 -1369 -2142
2 18612 7756 -1156 -533 -421 -906
2 18000 8344 -1700 -298 182 42
2 18096 8816 -2228 -1147 810 437
2 17816 8892 -2184 -1323 1715 1512
2 16984 8364 -2272 -953 2658 3095
2 17048 7692 -2596 -1079 3749 4502
2 17592 6384 -2964 -1161 5709 5414
2 17464 5636 -2932 -109 8227 6273
2 16840 5272 -2008 576 10799 6969
2 15480 4188 -968 -387 12304 7177
2 14768 3280 -80 282 13274 8029
2 14432 3212 768 3701 14919 8544
2 13392 4028 1616 3067 16484 7796
2 12324 3240 2424 -767 17262 6792
2 12120 2148 2568 -264 18084 7565
2 12284 2784 3056 6250 19592 8991
2 10244 4532 4000 7690 22741 9286
2 8984 3488 4516 43 22647 8442
2 7600 1632 4616 -1504 24277 9065
2 4732 384 7136 3842 27165 10922
2 2896 -156 9156 4168 26165 10806
2 2660 -160 10040 2318 25491 8258
2 1976 -636 10584 434 26725 5456
2 -40 -1496 11480 139 28803 4879
2 -1920 -232 11360 6177 28363 6488
2 -2536 3020 12208 9477 27773 6610
2 -3400 5684 13596 1363 27892 5142
2 -4612 4468 13668 -16008 29008 5418
2 -6688 -644 15520 -22032 29372 8340
2 -9424 -2740 18640 -9803 26612 11702
2 -10412 -1152 21356 3185 22264 12961
2 -10136 240 21384 2644 17633 13763
2 -8852 -1948 21296 -5286 14648 14451
2 -8128 -4512 21396 -7854 13073 13683
2 -8424 -5404 21936 -1363 11251 11864
2 -8152 -5984 23380 1998 7493 9564
2 -7724 -6800 23908 -1161 4721 6541
2 -7160 -7128 23520 -2372 1767 2876
2 -6560 -5992 22012 915 -1199 -248
2 -5544 -4132 19892 1890 -3489 -2023
2 -4884 -2880 17932 399 -3983 -2831
2 -4272 -2200 16728 1815 -4218 -2775
2 -3932 -1364 16360 3383 -3779 -2497
2 -3544 -724 16048 2988 -4102 -2221
2 -3188 -384 15424 2630 -3846 -2045
2 -2900 124 14972 2090 -3700 -1755
2 -2552 708 14652 1489 -3305 -1600
2 -2388 600 14492 -472 -2662 -1296
2 -2544 -332 14232 -1261 -2149 -738
2 -2464 -552 14280 2255 -1822 -49
2 -2416 -152 14412 2596 -1275 393
2 -2548 60 14372 1637 -1056 527

2 14240 7280 848 -53 -551 -824
2 14352 7584 856 -131 -432 -719
2 14264 7272 916 -58 -331 -506
2 14360 7324 1096 263 -295 -506
2 14220 7412 1272 76 -410 -482
2 14440 7436 1332 -180 -588 -436
2 14372 6940 1536 -71 -811 -409
2 14408 7064 1452 325 -975 -421
2 14320 6988 1292 35 -1224 -489
2 14456 7068 936 426 -1485 -593
2 14532 7428 840 10 -1531 -632
2 14748 7288 636 -73 -1539 -672
2 14736 7324 384 -36 -1514 -732
2 14612 7444 456 141 -1513 -749
2 14816 7744 336 -43 -1410 -771
2 14728 7576 368 22 -1320 -769
2 14600 7768 376 69 -1227 -727
2 14584 7620 396 96 -1161 -690
2 14752 7628 164 100 -1099 -694
2 14864 7736 356 107 -868 -793
2 14644 7888 440 422 -798 -823
2 14676 8420 644 825 -757 -722
2 14764 8576 724 607 -918 -588
2 14780 8740 552 1035 -1117 -184
2 14836 9472 -52 873 -1335 -2
2 15192 10072 -728 378 -1530 428
2 15576 10740 -1308 647 -1327 964
2 15588 11076 -1788 562 -1066 1919
2 15704 10864 -2236 1036 -919 3123
2 15964 10704 -3296 248 -668 3586
2 17208 10608 -4132 -517 49 4283
2 17096 10196 -4596 -325 1401 5062
2 15784 10656 -6024 -62 2602 5329
2 16688 12668 -8356 -266 3481 5983
2 18088 13580 -10300 -2047 6975 8608
2 17796 13380 -12580 -2820 11687 12212
2 18832 12824 -15292 -4720 18497 17106
2 16364 9248 -20324 -4600 27303 22760
2 9880 5724 -25596 -334 32767 25266
2 6132 9640 -31788 2353 32767 30844
2 -784 9916 -20852 9570 32767 28215
2 -5736 6376 -22288 -4295 32767 26973
2 -21200 6516 -21992 224 32767 30395
2 -32768 5404 -10704 26391 32767 25495
2 -32768 7064 -7512 21299 32767 18594
2 -32768 1884 1368 -880 32767 16349
2 -32768 9364 17768 13831 32767 21560
2 -32768 14408 32767 32767 24698 18380
2 -32768 -3404 30248 -14483 -6010 20967
2 -19152 -16708 32767 -32768 10339 20236
2 -22260 -30268 15364 -25206 -14411 6266
2 -15220 -9580 27640 32767 -8709 -16510
2 -13260 15896 24144 32767 -24943 -16573
2 -7244 11900 20348 -32768 -15728 -15402
2 -4552 380 5244 -32768 -12566 -11071
2 -1636 436 5832 16429 -7336 -2453
2 -2420 5292 10488 32767 -5168 3129
2 -3732 8268 14824 9932 -2324 2586
2 -5088 5900 16476 -12669 -2170 65
2 -4864 3772 16308 -1805 -3793 -1269
2 -4240 4060 15208 3090 -5375 71
2 -2736 3248 12444 -2213 -5429 1367
2 -1932 1536 11720 -433 -3924 1610
2 -2448 1432 12348 2424 -2728 449
2 -2652 1796 13484 -1076 -2041 -1385
2 -3320 1844 14284 -2690 -1465 -2164
2 -3536 2032 14272 743 -1680 -1110
2 -3384 2716 14360 4820 -1337 -43
2 -3644 3492 14900 3015 -918 -137
2 -3848 3764 15516 -1341 -731 -947
2 -4096 3172 15728 -3195 -837 -1323
2 -4092 2672 15704 -2105 -873 -789
2 -4048 2452 15480 228 -1065 95
2 -3992 2428 15116 1636 -1212 448
2 -3880 2736 15400 1081 -1134 -238

2 14408 7640 1448 686 -827 -383
2 14212 7952 1472 501 -907 -419
2 14024 7620 1520 266 -1089 -406
2 14188 7544 1432 450 -1160 -339
2 14076 7424 1268 440 -1243 -377
2 14032 7580 1136 334 -1498 -325
2 14068 7820 1036 406 -1317 -303
2 14020 7896 1060 148 -1281 -318
2 13904 7860 1160 285 -1300 -436
2 14056 7960 992 253 -1404 -412
2 14144 7784 916 579 -1529 -308
2 14244 8008 968 847 -1589 -327
2 14256 7996 1088 460 -1442 -276
2 14384 8008 1024 805 -1425 -232
2 14360 8128 1108 198 -1228 -352
2 13992 7360 1376 -121 -1342 -499
2 14196 7152 1508 540 -1308 -472
2 13792 7092 1872 239 -1456 -869
2 13928 7080 1652 -234 -1829 -1195
2 14172 7340 1240 -300 -1880 -1453
2 13868 7884 1148 -68 -2018 -1630
2 13700 8260 880 -25 -2229 -1559
2 13976 8724 136 -34 -2270 -1448
2 14044 9276 -340 -239 -2003 -1259
2 14192 9876 -1056 -444 -1624 -923
2 14200 9628 -1180 -491 -1196 -339
2 14376 9796 -1536 459 -614 129
2 13960 11020 -1880 -385 5 335
2 14176 12996 -3116 -1113 147 874
2 15616 14064 -4752 -1475 982 2756
2 16368 14368 -5816 -615 2373 4937
2 17364 14792 -6508 -1073 4739 6795
2 16908 13892 -6760 -2318 6792 8416
2 17156 13660 -6784 -2206 8433 9748
2 17308 12188 -5844 -2533 10471 12627
2 18084 8856 -5444 -253 12650 16302
2 16100 6024 -4044 3607 17593 19168
2 11096 6164 -868 6334 20259 21434
2 9024 2596 3416 5016 21801 20394
2 10008 940 3632 541 24301 15450
2 11916 1416 896 911 29313 12814
2 10980 2352 40 512 32767 11967
2 8592 5876 5820 -1450 32767 12449
2 2704 2872 13312 -3330 32767 13480
2 2716 472 11108 -5114 23546 14995
2 5448 544 9196 4961 22235 10993
2 4864 2344 9796 4892 24652 8252
2 2936 2252 11856 -5627 25223 10496
2 1996 -340 10344 -4517 22623 14593
2 984 -2024 9836 4450 23495 15131
2 -432 -1868 11272 4331 25052 13567
2 -404 -1476 13260 -2665 23315 10076
2 528 -2208 11648 -6219 23493 7887
2 -1220 -1824 10420 -1984 24123 9742
2 -3232 -884 13036 8311 22457 10957
2 -3608 1160 13560 9475 21519 10572
2 -5392 636 14804 1917 23144 8389
2 -8124 -1696 15164 -6049 23754 7453
2 -8952 -2600 15708 -895 21008 8853
2 -9316 -1732 16200 11608 19288 10467
2 -10736 660 16760 13231 18820 8925
2 -11488 1624 19448 2953 18178 5703
2 -11816 -388 21020 -11003 16014 5332
2 -12236 -2196 21180 -5849 11401 8715
2 -11604 -748 19780 11094 7656 9795
2 -11020 1004 20396 8553 6138 6665
2 -10776 -212 20372 -8141 4357 2384
2 -10376 -3076 18980 -12108 3291 -159
2 -10596 -3452 19256 -1 958 -448
2 -10076 -756 18660 8188 -1461 118
2 -9200 1440 18244 3974 -2812 -129
2 -8312 1256 16388 -2713 -3162 -1297
2 -7888 -20 15968 -3237 -2724 -2191
2 -7840 -288 15724 -350 -2906 -2157
2 -7756 596 15624 2788 -3339 -1656

2 13184 8064 1156 -201 -644 -1044
2 13556 8104 1040 76 -782 -879
2 13408 8240 1216 46 -632 -741
2 13568 8396 1324 -147 -762 -529
2 13516 7872 1428 -206 -982 -379
2 13624 7676 1608 -454 -1154 -599
2 13584 7828 1564 -627 -1376 -805
2 13924 7824 1368 -777 -1571 -911
2 14020 7952 1348 -668 -1266 -853
2 13852 8188 1364 -844 -1414 -1069
2 13968 8160 1244 -557 -1698 -1023
2 14076 8520 1012 -319 -1632 -1013
2 14008 8740 1132 -236 -1668 -944
2 13952 8924 1212 -332 -1818 -955
2 14000 9204 1180 -469 -1825 -979
2 13744 9288 988 -585 -1886 -718
2 13768 8792 708 -487 -1814 -433
2 14020 8628 296 76 -1754 -355
2 14140 9144 148 31 -1471 -489
2 14008 10476 -452 -806 -1331 -132
2 14360 12928 -992 -2301 -1697 1532
2 14400 13260 -1292 -1949 -1885 4491
2 15604 13856 -2268 -1089 -1884 8480
2 16400 12468 -2856 -1848 419 11971
2 14312 9988 -2104 339 1186 15610
2 12736 9144 -732 3752 514 17527
2 14216 7980 -408 4822 1596 15451
2 16356 7132 -2220 3530 5521 12490
2 18236 7188 -3400 774 10224 11893
2 15916 4932 -96 -6441 14923 11608
2 14812 3896 3444 -11605 16116 11960
2 15448 3160 5292 -4810 12747 11273
2 16612 3332 4804 3914 8460 11485
2 16948 2084 4356 5079 7295 10956
2 16708 1840 2876 3529 7992 10415
2 16772 2800 2348 3566 8413 9882
2 16256 3164 2756 2976 9949 9350
2 15920 3768 3104 -1584 10608 8088
2 15616 2560 2800 -4107 9750 8427
2 15944 1560 1160 1390 11478 11075
2 16012 2332 1168 7261 14118 12614
2 15336 3344 1208 5458 16845 11996
2 13996 2800 1676 1105 20016 11122
2 11200 124 1764 -408 24625 14430
2 9532 736 2352 7124 24352 18554
2 8948 1776 2996 16197 25815 17075
2 6724 2316 2596 9334 31870 13379
2 2444 -376 4904 -6156 32767 12837
2 -1596 -3460 5196 -5041 32767 18677
2 -4128 -2724 7984 15127 32767 21588
2 -5956 -424 8412 27427 32767 16037
2 -8836 -232 12080 11262 32767 12132
2 -10468 -1504 14580 3308 29788 14543
2 -10264 140 13724 20472 27429 15392
2 -11000 4332 14208 26781 25533 11777
2 -12952 6748 25096 8682 24345 7943
2 -11748 3268 19108 -13881 20355 7810
2 -11064 132 18144 -3565 17290 9162
2 -11244 304 20056 8928 14478 9318
2 -10600 1104 20940 2536 11003 7029
2 -9864 828 20656 -6402 9745 4922
2 -9376 -1228 20200 -8408 7653 3953
2 -9328 -2960 20376 -5002 5774 3544
2 -9304 -3032 20196 628 2911 2956
2 -8960 -1464 20104 5213 1065 1278
2 -8536 -56 19604 1739 -878 -1057
2 -8116 84 18808 -3205 -1532 -2408
2 -7460 56 17608 -1820 -2422 -2004
2 -7096 428 17000 1538 -2704 -1156
2 -6736 852 16324 773 -3231 -649
2 -6328 804 15652 -315 -3571 -866
2 -5896 496 15220 -11 -3316 -1288
2 -5544 512 14752 -513 -3135 -1445
2 -5512 412 14936 -1980 -2457 -1481
2 -5480 -116 14688 -2592 -2390 -1152

2 15260 4720 2432 -8 -904 -547
2 15220 4840 2268 -90 -1069 -617
2 15260 4728 2192 -146 -1161 -660
2 15212 4592 2020 -194 -1295 -841
2 15356 4736 1784 -309 -1352 -989
2 15320 4840 1820 -404 -1088 -1093
2 15056 5088 2004 -269 -955 -1150
2 14800 5156 2328 -344 -1100 -1138
2 15000 5084 2216 -557 -1489 -1162
2 15180 5172 1936 -775 -1432 -1338
2 15128 5372 1796 -958 -1482 -1480
2 15464 5440 1412 -1217 -1520 -1541
2 15648 5704 1224 -1233 -1375 -1736
2 15792 6220 952 -1441 -1305 -1827
2 16012 6748 636 -1202 -1194 -1378
2 15904 7204 368 -1983 -1348 -1118
2 16208 7292 316 -2813 -1664 -892
2 15972 7340 748 -2668 -1926 2
2 15696 7432 1136 -2529 -2771 1197
2 15884 7820 600 -4180 -3954 1982
2 16512 7508 -564 -5452 -3938 2177
2 17128 6840 -520 -5597 -3287 2310
2 16340 7324 -684 -4273 -1354 3285
2 17588 7128 -1608 -3943 -439 4435
2 18956 6184 -2768 -4616 1400 4895
2 18832 5812 -2920 -5135 3997 4605
2 17556 5588 -2036 -6177 7258 3834
2 16796 5424 -608 -8132 8552 3946
2 17160 4148 -712 -8471 9523 5210
2 17464 3892 -1236 -3060 12238 6163
2 16772 4676 -788 -408 14828 5170
2 15012 5192 892 -4772 16650 3616
2 13968 3136 2180 -10465 17575 5498
2 12792 520 3212 -9784 20826 9399
2 12988 120 4864 1798 21596 12754
2 12628 1716 5800 11272 21045 12778
2 11052 3228 7944 9861 20663 9849
2 8492 1348 8040 -4595 23523 7384
2 8972 -172 6804 -6668 21041 11843
2 9080 -120 7648 9436 22007 13837
2 8216 1964 7552 15273 22143 11814
2 6644 2336 9480 4635 23917 6520
2 4424 -840 9316 -13130 27276 4178
2 3216 -2236 9460 -10263 25373 7853
2 2260 -1928 10188 9646 23136 10024
2 1948 132 9680 18235 22546 9101
2 468 2324 11644 9135 24144 6190
2 -1792 1396 14344 -5089 25202 4569
2 -2992 188 13308 -1882 21366 6226
2 -3988 820 13696 11098 20727 7889
2 -4796 2032 16028 10015 17845 7332
2 -5216 1500 15668 -24 17489 6720
2 -6652 892 15972 -124 16758 7430
2 -7240 708 17504 6768 15129 8114
2 -7092 260 18812 3991 13541 7378
2 -7024 -1280 18352 -3233 12424 5657
2 -6576 -1996 17288 371 10817 4715
2 -6348 -972 17412 6169 9886 3869
2 -6568 1112 18052 5329 8620 2481
2 -6520 1760 18288 31 7870 1312
2 -6540 784 17488 -2192 6832 1524
2 -6732 788 16860 4555 5915 2297
2 -6728 2612 17536 10354 5432 2187
2 -7176 3992 18072 4910 4822 1525
2 -7632 3696 18360 -924 4100 763
2 -7556 3268 18176 527 2541 711
2 -6936 2744 17568 725 1710 843
2 -6980 2832 17216 -569 1387 -31
2 -6872 3944 17132 113 190 -540
2 -6656 4124 16732 -2437 4 -808
2 -6572 2988 16128 -4739 75 -464
2 -6704 1736 15748 -270 -232 1003
2 -6796 2256 15904 5608 -849 1653
2 -6660 3572 16116 2721 -1244 661
2 -6420 3112 15576 -3432 -1796 -595

2 15004 6380 2032 299 41 -2051
2 14960 6796 2288 -1018 -318 -1825
2 15056 6380 2368 -179 -763 -911
2 15324 6472 2400 -767 -775 -348
2 15172 5524 2464 -1209 -1060 -314
2 15084 4636 2640 -1399 -1156 -433
2 14988 4608 2656 -872 -1259 -841
2 14784 4800 2804 -1255 -1513 -1212
2 14924 4932 2696 -1076 -2031 -1395
2 15112 5092 2268 -1225 -2208 -1672
2 15152 5648 1972 -1186 -2260 -1952
2 15180 6432 1584 -1200 -2284 -1916
2 15040 6580 1628 -1770 -2302 -1926
2 15008 6416 1712 -1392 -2272 -1503
2 15032 6220 1592 -1458 -2306 -1523
2 15208 6204 1152 -1419 -1978 -1443
2 15320 6112 1372 -1352 -1518 -1289
2 14932 5284 1736 -1267 -1300 -1535
2 14728 5516 1992 -453 -1275 -1759
2 14460 5884 2236 -1014 -1594 -2046
2 14468 6436 2292 -735 -1824 -1887
2 14396 6656 1904 -1411 -2310 -1867
2 14920 6896 1024 -1766 -2383 -2048
2 14880 7168 304 -1089 -2193 -1676
2 15344 8164 -440 -353 -1447 -1291
2 15276 8488 -528 -430 -609 -1054
2 15136 8668 96 423 196 -162
2 15076 8416 728 919 536 692
2 14912 7788 1260 867 619 1040
2 15016 7572 1548 1694 633 1515
2 14684 7504 1768 2278 494 1666
2 14996 8740 1344 3269 71 1900
2 15664 10256 648 3063 -263 3019
2 15864 10280 668 2478 99 4932
2 15540 8636 1072 3075 -173 7074
2 15704 7752 1092 4254 -119 8097
2 15792 7068 1324 4423 -145 8491
2 15480 6180 724 4979 620 8500
2 16096 7168 192 7219 1794 9219
2 16804 7744 -556 7282 4061 10131
2 17624 7028 -188 4879 6448 10760
2 16480 5732 -40 2424 8294 11639
2 15800 4636 136 1361 9643 13007
2 15720 4832 628 3112 10912 13987
2 16612 4644 1628 3415 10988 14047
2 16648 3496 1904 709 9631 13790
2 16060 3020 1480 1606 9320 14836
2 16236 2516 1832 3985 10971 15264
2 15932 2328 1848 2166 12428 15431
2 15052 1488 1820 1304 14483 16586
2 14464 1284 772 1714 16478 18292
2 13124 456 2196 3058 18178 20239
2 10796 -1608 1664 3072 19849 22070
2 9288 -3652 4252 4931 18595 22004
2 8928 -3540 3952 7261 19160 20063
2 8988 -3276 4040 7323 18800 16462
2 8116 -2864 3796 6707 22413 16052
2 5840 -2512 5676 6496 23702 17091
2 4024 -3120 7332 11294 23337 16809
2 1020 -3440 9136 10032 26229 16359
2 -1500 -4016 12788 5951 25277 16050
2 -2708 -4760 14648 7823 22032 14204
2 -3532 -4256 15584 10554 20878 12020
2 -4324 -3824 17148 6971 19182 11120
2 -4692 -5312 16276 813 18137 10790
2 -4460 -7256 16040 -672 16333 10435
2 -4716 -7348 15960 4904 15673 9221
2 -5444 -6484 17316 4380 15089 8446
2 -5116 -6304 16940 3670 11893 8109
2 -3740 -4496 15828 8328 11226 7014
2 -3892 -2780 15740 6099 12305 6473
2 -5000 -3728 16348 -1228 13028 6752
2 -5996 -5360 15576 -317 11973 7387
2 -6348 -4896 15760 8240 10512 7402
2 -6732 -3092 15876 9948 10869 6424

2 13880 8264 3504 -195 -40 -1608
2 13424 8252 3652 88 -177 -1511
2 13556 8428 3352 326 -345 -1345
2 13492 8324 3076 402 -324 -1259
2 13152 8324 3136 522 -407 -1085
2 13060 8396 3228 720 -638 -937
2 13068 8368 2952 1127 -938 -712
2 13196 8892 2596 1475 -922 -499
2 13116 8988 2716 469 -1093 -461
2 13040 8344 2656 67 -1438 -378
2 13424 8248 2232 204 -1529 -275
2 13668 8192 2044 -62 -1540 -439
2 13880 8460 1976 209 -1421 -221
2 13744 8420 2112 140 -1394 -248
2 13916 8224 2292 378 -1431 -185
2 13808 8056 2668 -111 -1324 -417
2 13784 7852 2832 -9 -1515 -597
2 13844 8036 2772 -135 -1721 -897
2 13832 8184 2952 -956 -1507 -1252
2 13640 7212 3484 -799 -1735 -1375
2 13760 6184 3956 157 -1794 -1314
2 13232 6380 4396 1068 -2074 -1965
2 12916 7272 4196 123 -3325 -3062
2 13168 8800 2952 -1339 -4138 -3844
2 13204 9600 1472 -2035 -4413 -4014
2 13408 10544 456 -1133 -4149 -3437
2 13864 11844 -564 -113 -3261 -2545
2 13792 12476 -916 -308 -2112 -1544
2 13420 11584 -712 -504 -887 -387
2 13276 11240 -384 303 -287 392
2 13164 12352 -468 -332 33 638
2 13496 13336 -880 -1640 274 975
2 13884 15236 -1504 -2146 340 1879
2 14452 16528 -1968 -3493 1038 4043
2 14328 15380 -2248 -2871 1164 7021
2 14792 14212 -2300 -3104 1256 10055
2 15068 11600 -2576 -3502 1649 11856
2 14800 9276 -1912 -3820 2004 11846
2 15212 8220 -1940 -3860 3113 12462
2 16404 6676 -2712 -3339 6337 14200
2 14808 3796 -560 -1966 12253 14559
2 14616 4220 -1492 1180 19806 15643
2 15436 4980 2680 -3157 23818 14360
2 12696 5412 6232 -11398 24371 12069
2 10420 1668 8116 -14610 21085 8997
2 10280 296 8444 -9210 16382 11250
2 11900 136 6520 6840 13949 13110
2 13660 2088 6180 12581 15407 12080
2 12824 2184 7008 -278 16828 9228
2 11188 268 7052 -9700 18389 9064
2 9848 -1780 7740 -3418 19802 10281
2 9288 -592 7888 5115 19286 10226
2 9700 1508 8228 9500 17631 7373
2 8904 3876 8108 6730 19992 3529
2 7032 3008 11040 -5947 22302 1699
2 5560 664 8424 -9365 22108 5732
2 3668 260 8984 5541 21950 9960
2 1740 1692 10368 12838 22061 10213
2 352 2484 11176 4039 22873 7930
2 -1568 712 12032 -5467 24181 6785
2 -3216 -316 12088 403 22675 9494
2 -3792 296 13296 10402 21424 11766
2 -4244 536 13052 7961 21079 10384
2 -5268 892 14628 1482 20866 7431
2 -6020 -444 15988 -4505 21420 6045
2 -6348 -1840 16156 -3863 18497 7338
2 -6716 -1212 16768 6150 16880 7968
2 -6888 448 16732 8873 14251 6939
2 -6700 2444 17360 3956 12923 3797
2 -6816 1924 17104 -7739 12896 1360
2 -7496 -1940 17132 -16269 14159 3301
2 -8232 -2816 16344 2838 9807 7577
2 -8344 960 18180 25697 8794 7680
2 -9256 4300 20688 11583 7765 3364
2 -9576 3116 21084 -14750 6363 -122

2 14784 5160 1012 -957 -1649 -10
2 14888 4864 1008 -1314 -1790 308
2 14904 4584 1332 -1754 -1956 241
2 14976 4248 1556 -1801 -2271 -44
2 15324 4212 2012 -633 -2339 90
2 15412 4188 2288 -990 -2577 -345
2 15468 3804 2344 -1541 -2674 -760
2 15120 2904 2388 -1745 -3076 -1353
2 15456 2768 2376 -2021 -3535 -2311
2 15484 3000 1540 -2006 -3973 -3193
2 15792 4560 764 -2005 -4070 -3914
2 16236 6264 -300 -2273 -3654 -4502
2 16628 7468 -1164 -2484 -3438 -5046
2 17088 9736 -2064 -344 -2374 -4426
2 17820 12284 -2924 1234 -1496 -2970
2 19192 16120 -4056 1866 107 -356
2 21324 19060 -5560 145 1551 4799
2 19672 16032 -4952 -125 3341 9897
2 17064 15120 -5976 5141 6034 13750
2 19540 14464 -9064 9067 10784 16143
2 20464 13228 -10176 5842 20054 17402
2 17176 12948 -8516 2471 27155 22652
2 15388 10316 -5020 2494 31819 25735
2 10360 10152 2384 5747 28837 29956
2 7924 3584 4824 4615 27003 28538
2 7332 1136 368 2358 26762 25630
2 6660 436 232 2938 27571 23327
2 6888 -428 1208 815 28127 21575
2 6136 -2064 -1552 700 32179 22829
2 3316 -1600 -3200 6547 31691 22430
2 -60 -536 -1564 8767 32767 19639
2 -5792 -1428 2040 -815 32767 17874
2 -6964 -2624 1272 -1771 32767 19016
2 -8776 -3020 460 10590 32767 20858
2 -14532 44 116 17592 32767 20611
2 -21924 480 5108 13771 32767 17851
2 -24904 -4180 10648 -6115 32767 19994
2 -28064 -9924 17176 -4180 32767 26864
2 -27324 -5624 27272 32767 25364 22614
2 -23468 -1296 32767 32767 18779 10797
2 -20268 -5520 32767 -23121 13671 5196
2 -17876 -12636 28348 -29457 2179 1738
2 -15564 -10480 27208 17525 278 -2913
2 -13740 -2376 24908 20268 -5854 -6175
2 -10860 464 21564 -9758 -9073 -8282
2 -8096 -624 15596 -13220 -8235 -7161
2 -5560 -348 13368 5512 -6969 -3911
2 -5168 1304 13972 9146 -4008 -1831
2 -5812 1712 14848 -337 -2490 -1014
2 -6664 268 15500 -789 -1609 212
2 -6872 -540 15624 3303 -2270 1038
2 -6648 -436 15340 3203 -2741 828
2 -6196 -680 14596 -266 -3203 243
2 -5820 -1168 14064 -568 -3228 -471
2 -5784 -1468 13856 -985 -3112 -819
2 -5392 -1744 13488 -974 -3289 -614
2 -5132 -1616 13092 1769 -2918 -186
2 -4744 -788 12736 2987 -2207 144
2 -5040 -348 13376 979 -1076 110
2 -5324 -740 13844 -1052 -652 98
2 -5508 -1068 13880 -146 -474 -40
2 -5584 -968 14504 -380 -137 6
2 -5716 -1320 14740 -1547 -198 216
2 -6088 -1928 14704 -161 -338 582
2 -6116 -1612 14876 955 -654 201
2 -5852 -1420 14784 -1628 -637 -552
2 -5976 -1796 14636 -2361 -408 -614
2 -6152 -1912 14876 136 -506 -144
2 -6224 -1648 15140 798 -553 55
2 -6272 -1372 15052 -316 -614 -308
2 -6164 -1336 14788 -852 -566 -449
2 -6164 -1660 14796 -537 -445 -202
2 -6364 -1436 14988 1000 -469 55
2 -6336 -1052 15112 330 -556 -131
2 -6028 -1272 14756 -1635 -537 -283

2 13880 8032 124 134 -876 -533
2 13860 7772 -308 68 -1240 -60
2 14492 7832 -1036 174 -972 -292
2 14736 8740 -1132 684 -428 -340
2 15260 10988 -1468 1446 -205 -164
2 17192 13440 -1412 1790 485 1559
2 16912 13764 -1036 2646 905 4947
2 17680 15248 -2588 2328 52 8168
2 19240 15132 -5176 -567 600 10570
2 19064 13180 -6668 -23 2364 13883
2 17716 11956 -6116 3830 4711 17409
2 16264 12080 -6156 7365 7603 19033
2 17588 9472 -6544 9718 12197 18336
2 18092 7412 -6852 8267 18055 16840
2 16128 9108 -4224 5011 22540 18041
2 15416 8152 -1212 454 25249 20462
2 13932 6284 1488 -3206 24947 22465
2 11608 2564 3436 2123 22991 25626
2 10472 260 4268 10767 21290 25020
2 10188 580 2308 14399 20074 22072
2 11076 2088 2740 9395 20999 18357
2 6428 -856 2724 -2271 26038 15639
2 4184 -4648 4892 -6173 23423 16043
2 5192 -4648 1788 11184 23180 16895
2 3280 -2196 4356 21546 26454 14716
2 496 -1188 7384 9348 29639 11552
2 -2324 -3164 8564 -3461 30108 11438
2 -3256 -5504 8496 2933 27199 14372
2 -3232 -4676 10020 18596 24827 14863
2 -3428 -1360 11580 19015 25256 11456
2 -4496 -532 13592 5668 26097 8219
2 -5564 -2288 13388 -3859 24801 7724
2 -5180 -3648 12732 1879 22503 8946
2 -5120 -2716 12584 7975 22339 8757
2 -6152 -128 13524 7169 22637 5505
2 -7336 648 14864 -2019 23846 2941
2 -8496 -2688 15388 -11687 23693 5601
2 -9868 -4804 16312 519 20866 11527
2 -11136 -3336 18124 15505 18222 13096
2 -11524 -1404 20132 12307 16408 9482
2 -11552 -3260 21704 -3881 14485 6434
2 -12108 -5632 21392 -3579 11200 5774
2 -12292 -5632 23172 7575 9535 3806
2 -12504 -4908 23880 3210 5654 1707
2 -11484 -4952 21892 246 1479 675
2 -10364 -3508 19788 6986 143 -1298
2 -9768 -636 18512 6271 -760 -3088
2 -9400 640 17752 -2149 -905 -3178
2 -8808 16 16588 -2777 -1643 -1527
2 -8080 -148 15740 3255 -1519 -59
2 -7996 640 15576 4323 -1482 312
2 -7944 700 16248 597 -1347 103
2 -7912 -232 16088 -2415 -1753 95
2 -7888 -1180 15716 -1690 -2267 -32
2 -7452 -1132 14804 515 -3060 -406
2 -6856 -400 13940 499 -2878 -684
2 -6532 -240 13600 -421 -2622 -590
2 -6676 -620 13608 -435 -2129 -631
2 -6668 -596 13872 -217 -2050 -863
2 -6688 -692 14020 -919 -1975 -895
2 -6480 -688 13716 -57 -2018 -697
2 -6412 -252 14112 699 -1481 -704
2 -6456 -348 14336 -1509 -1412 -1011
2 -6684 -696 14388 -1113 -1334 -800
2 -6648 -660 14416 671 -1395 -379
2 -6596 -332 14388 -80 -1419 -462
2 -6372 -536 14256 -921 -1213 -458
2 -6580 -704 14472 -73 -1171 -389
2 -6624 -288 14476 257 -1301 -466
2 -6504 -36 14128 -821 -1158 -626
2 -6304 -424 13864 -1747 -1011 -334
2 -6312 -1200 13768 -809 -445 103
2 -6652 -1248 14284 1058 -261 527
2 -6836 -756 14644 1376 -458 316
2 -6812 -508 14700 -627 -524 -469

2 15164 7972 -700 -1041 -2464 -280
2 14688 6744 -836 -686 -1983 -834
2 14492 6592 -1064 537 -1398 -1477
2 13952 7764 -1108 383 -907 -2564
2 13828 8680 -1900 -875 -1143 -3104
2 13328 8996 -1300 -1050 -665 -3019
2 13392 9228 -1792 550 -261 -2438
2 13624 10260 -1928 229 -147 -1753
2 13400 10468 -2180 -766 15 -965
2 13144 9292 -1432 -839 95 -56
2 12928 8320 -1016 -76 -4 143
2 12932 7980 -672 -270 -501 -297
2 13080 8256 -504 -340 -887 -649
2 12992 8572 -444 -368 -1415 -680
2 13464 9236 -828 -310 -1712 -662
2 13604 9524 -1236 -294 -1947 -468
2 13900 9572 -1800 -97 -1933 -162
2 14232 9620 -2172 260 -1601 -41
2 14648 9684 -2492 -35 -1309 -31
2 14528 9668 -2520 -333 -852 -93
2 14496 10228 -2788 203 -576 -135
2 14820 11504 -2924 1076 -229 315
2 14996 13240 -3140 1277 152 1654
2 14528 14336 -3532 54 557 3325
2 14408 15252 -4144 225 326 5040
2 15076 16924 -5296 -726 760 7640
2 15912 16808 -6980 -2607 1288 10332
2 17244 16432 -8652 -2955 4361 13031
2 16904 15052 -9492 -3224 8026 15118
2 16712 14052 -9344 -1192 12799 17956
2 15976 11088 -8460 -1714 16428 20510
2 14816 6516 -8624 -5410 21824 21428
2 15084 3652 -7548 -4097 28104 24326
2 13616 3420 -2464 6334 29638 26378
2 13264 4756 -1624 9543 29944 24538
2 11320 2532 -2140 5384 30278 21873
2 8932 -272 -2580 320 32677 20418
2 7144 1200 -188 7471 32767 20649
2 6148 2740 -2852 14145 32767 18852
2 2884 2908 -104 6717 32767 15866
2 -520 988 -100 -3318 32767 16474
2 -4896 -1064 1660 382 32767 19269
2 -7736 -1000 2204 15275 32767 17966
2 -11912 604 4360 17014 32767 14317
2 -15516 1308 7312 5201 32767 12017
2 -16404 220 8568 581 32767 13765
2 -16932 1772 10256 11817 32767 14634
2 -17024 3372 11212 16288 32767 12783
2 -17472 3124 13484 3447 32767 12152
2 -28832 -7228 19824 -3067 32767 4517
2 -22980 1540 29984 -2282 22249 3450
2 -17404 -1972 25904 -9681 10097 4829
2 -18876 -6580 31124 -6732 9768 7464
2 -22492 -4916 32767 9763 -5141 920
2 -20092 -1688 32767 -1554 -13895 -7989
2 -9580 -3504 21396 -24390 -18156 -11545
2 -10424 -9368 18808 -14950 -12602 -9940
2 -7344 -5332 17304 12979 -13322 -4080
2 -6176 172 15204 15220 -15647 -2672
2 -3032 3300 10932 372 -14424 -4508
2 1872 3112 8288 -5204 -7072 -4947
2 2576 2768 8368 1519 -21 875
2 -704 1256 10912 7852 3753 6047
2 -4452 200 13780 6304 4010 5438
2 -5728 -480 16688 1645 2975 2510
2 -5320 -692 16200 -2311 574 408
2 -3824 -1488 14928 -2633 -629 149
2 -3252 -2176 14124 -72 -345 526
2 -3248 -2228 13780 848 348 310
2 -3992 -1532 14420 2577 1184 -284
2 -4676 -348 15200 2631 1058 -763
2 -5096 584 16020 924 917 -859
2 -5376 464 16164 -1486 435 -853
2 -5312 -96 16076 -860 568 -588
2 -5304 -84 16440 -34 281 -262

2 14516 6228 -108 -1513 -2049 -1884
2 14488 6392 -104 -2008 -2605 -2229
2 14528 5860 -52 -1954 -2877 -2743
2 14136 6028 332 -985 -3029 -3276
2 13704 6784 284 -476 -3587 -3638
2 13456 7960 -520 -467 -4200 -3886
2 13624 8916 -1884 -2230 -4723 -4158
2 13880 8908 -2684 -1918 -4255 -3949
2 13924 9428 -3168 -1005 -3738 -3403
2 14476 9924 -3612 -727 -3123 -2750
2 14476 9284 -3576 -1792 -2202 -2412
2 14116 8468 -3332 -890 -1224 -2319
2 14060 8428 -2760 -465 -650 -2062
2 13580 8236 -1848 -547 -524 -2448
2 13380 7988 -1176 -885 -785 -2875
2 12864 8232 -904 -682 -1299 -3028
2 13212 8832 -948 -856 -1784 -3126
2 13312 9204 -1320 -850 -2187 -2815
2 13312 9468 -1840 -1495 -2350 -2703
2 12892 9232 -2016 -867 -2272 -2687
2 12780 10036 -2136 336 -2461 -2424
2 13256 10576 -2528 -502 -2531 -2041
2 13364 10288 -2896 -1147 -2485 -1910
2 13336 10652 -3128 119 -1938 -1428
2 13452 11368 -3280 674 -1495 -633
2 13436 11688 -3524 471 -1161 -75
2 12424 12900 -4444 1294 -519 171
2 12848 16600 -6872 2015 -371 946
2 14760 19928 -9784 964 501 4143
2 16340 20372 -11544 -1210 3064 8776
2 16372 19168 -12104 -2288 6632 12479
2 15824 16708 -10788 -2330 9906 15452
2 14216 13276 -9040 -678 11999 18746
2 13980 9936 -7600 2414 14319 21327
2 14780 7664 -6304 3624 16476 22177
2 13356 5736 -4016 3195 19174 21633
2 11724 3348 -1888 1004 21443 20299
2 11432 1808 -260 -2222 22715 19000
2 11380 -828 -292 -4767 25479 18241
2 11196 -2312 916 -4040 27643 17630
2 10356 -2036 3140 1780 28861 16246
2 10216 -128 2796 5304 28468 14299
2 9452 2596 4572 7204 27009 10987
2 8116 2832 4068 589 29515 10064
2 7900 280 2152 -3905 29132 11371
2 6428 204 1892 6376 32013 12421
2 3932 1648 2564 12106 32767 10640
2 1128 404 5864 -2368 32767 6951
2 -2780 -3536 6672 -15603 32767 8324
2 -6256 -5076 7408 1974 32767 11419
2 -5964 -2724 7432 20977 32767 10820
2 -6932 1328 8312 14964 32767 7633
2 -11324 1780 13352 -1607 32767 5357
2 -14500 -744 15776 -8198 32244 8719
2 -15032 -4380 18128 2886 26962 13768
2 -14596 -2696 21144 17987 21709 13751
2 -13908 2240 24200 17399 18535 8466
2 -12392 3048 24896 -7269 14695 4700
2 -10696 -2444 23228 -22320 10824 4875
2 -9696 -5700 21788 -6083 8887 5562
2 -9920 -3252 22452 10911 6575 5798
2 -9512 132 22748 5660 4138 3952
2 -8916 -12 21776 -7373 1958 694
2 -8404 -1672 20140 -7462 257 -1116
2 -8080 -1728 19980 -1789 -958 -1107
2 -7728 -504 19808 789 -2139 -375
2 -7336 188 18444 1575 -2932 435
2 -6660 484 17560 1542 -3130 524
2 -6152 192 17048 -757 -3851 -182
2 -5744 -484 16004 -2028 -4260 -698
2 -4992 -884 15012 -213 -4065 -587
2 -4636 -652 14500 681 -3670 -355
2 -4284 -560 14064 745 -3342 -258
2 -4372 -408 14036 778 -2601 -406
2 -4344 -288 14340 -59 -2725 -819

2 14132 8160 104 -1282 -2018 -494
2 14488 7900 -288 -888 -1568 -687
2 14740 7784 -608 -248 -617 -1064
2 14480 7884 -388 148 253 -1560
2 14084 8504 -32 702 898 -1571
2 13828 8692 -20 751 1414 -1701
2 13084 8836 208 1005 1582 -1749
2 12792 9068 -8 1631 1348 -1561
2 13200 9268 -664 2115 1367 -1438
2 13020 8904 -944 3358 1770 -1008
2 13012 9832 -1128 4458 2169 -354
2 12812 10456 -652 2733 1757 -131
2 12788 9748 -360 1481 1002 189
2 12676 8988 -128 2042 492 594
2 12508 9292 -40 2440 3 506
2 13180 9572 -136 1823 -253 786
2 12968 8852 -192 814 -721 334
2 12568 8196 -28 860 -681 338
2 12848 9352 -296 1390 -1556 1174
2 13812 9760 -680 -56 -1815 1093
2 14620 8956 -1280 -308 -1318 142
2 14136 8400 -1128 -72 -346 -591
2 12864 7792 -520 324 -601 -1051
2 13420 8096 -228 706 -1384 -1272
2 13732 8480 -444 518 -1629 -1680
2 13440 8856 -188 -459 -1795 -2114
2 12956 9116 -164 -530 -2303 -2328
2 12764 9676 -284 -349 -2784 -2228
2 13004 10008 -1020 -495 -3476 -1929
2 13256 10556 -1816 -336 -3335 -1819
2 13480 11360 -2380 -934 -3095 -1486
2 13636 11288 -3220 -1048 -2753 -751
2 13480 11072 -3648 -489 -2138 -37
2 13848 12356 -4592 296 -1885 -51
2 15352 13528 -4496 -406 -1448 471
2 14856 14828 -4728 602 -439 1907
2 15136 17664 -5796 -562 -795 3341
2 16056 17920 -7104 -4638 -486 4916
2 16392 17004 -8416 -5086 1660 6734
2 15960 17244 -8696 -3957 4395 9367
2 15500 17840 -8580 -5504 7194 12099
2 15268 16100 -10072 -8619 10272 15604
2 13612 13424 -9860 -11352 14078 17501
2 13716 10088 -10884 -13551 17040 20371
2 13160 8208 -11252 -9750 23897 23350
2 12836 5144 -10496 -7363 30623 25966
2 11644 -1328 -9580 -16546 32767 27544
2 8724 -4012 -3172 -9879 32767 31219
2 6648 -5740 264 12951 32767 30390
2 2744 -2736 1352 26519 32767 22261
2 364 -976 2720 11328 32767 11061
2 -1180 -2192 8684 -13059 32767 5156
2 -1228 -2964 7388 -11591 32767 7032
2 -3928 -2932 7120 7320 32767 10355
2 -6544 -2088 10248 15338 32767 10977
2 -8012 380 14436 12132 31842 9216
2 -8548 724 12168 6361 30515 7008
2 -9620 1740 12868 2686 29260 6089
2 -9536 2704 13776 6712 27280 7797
2 -11320 3992 15192 9417 26935 10885
2 -12920 3828 17708 6441 23861 11803
2 -13488 4124 19096 5573 20506 10882
2 -12800 4540 19948 3410 17229 10106
2 -11184 3952 18196 -2623 14635 9411
2 -10752 1820 18580 -6126 13644 8150
2 -10760 -696 19172 -6697 12091 7972
2 -10836 -1684 19236 2413 8638 8758
2 -10012 652 20292 13949 6042 6617
2 -9744 3116 20592 5819 4438 2671
2 -9512 2300 20144 -10156 2780 116
2 -9000 964 19028 -5188 659 -46
2 -8652 2056 18836 4937 240 630
2 -8264 3292 18192 251 -1768 396
2 -7332 3020 16768 -3053 -2278 -390
2 -6672 2328 16392 -3611 -1828 -913

2 13444 7680 752 405 -1061 -1420
2 13256 7876 956 -397 -1557 -1555
2 13100 7368 904 -978 -2358 -1747
2 13220 7744 508 -606 -2641 -1869
2 13340 8660 480 -1783 -2957 -2458
2 13464 8512 52 -1885 -3021 -2259
2 13416 8400 -284 -1073 -2944 -2007
2 14200 8836 -880 -928 -2837 -2094
2 14240 8452 -1156 -444 -2396 -1857
2 14308 8708 -1124 -111 -1872 -1979
2 14016 9260 -1672 -160 -2284 -2738
2 14960 10644 -2616 -130 -1603 -2426
2 15224 11140 -2816 65 -283 -1184
2 14896 10564 -1924 -152 666 -77
2 14564 9452 -856 337 1065 511
2 13880 9400 4 1131 843 708
2 13888 11464 -372 1336 -225 1082
2 14740 13308 -1740 527 -1176 2677
2 14604 13032 -2232 543 -1126 6131
2 15116 12908 -3236 703 -719 8678
2 14920 12624 -3284 -203 -229 10169
2 15012 13256 -2956 997 477 12078
2 15820 14412 -4532 195 1828 13247
2 17008 13004 -5544 -1021 4090 13941
2 15688 12180 -4516 -885 7892 15679
2 14904 10632 -4548 1487 10712 16017
2 14984 9812 -3648 -772 13391 15044
2 14832 9164 -1640 -13461 14324 13638
2 16320 4420 -2228 -20873 13271 14665
2 15592 48 -1608 -12991 15320 18572
2 15048 -404 -1148 4334 18063 23229
2 14668 1860 1252 17844 21683 24451
2 12220 3652 3880 10877 22013 21134
2 9648 208 5008 -8129 19757 16230
2 10044 -2788 5424 -6785 16496 17822
2 9796 -1416 4120 14705 19950 20557
2 9808 2360 3584 17625 20235 19755
2 9452 2548 4820 1668 23736 17288
2 6108 -1404 4868 -8084 25687 18500
2 2992 -3840 5416 3997 26181 24025
2 1024 -3384 6620 16658 25649 26244
2 -900 -3424 9156 12630 26368 21385
2 -2424 -5500 8648 -1330 26946 15977
2 -2356 -6472 8412 1590 25041 15090
2 -3556 -5076 9744 12440 27611 17322
2 -6504 -2584 12008 13490 26449 17047
2 -7728 -2420 15420 4406 25886 14097
2 -7312 -4948 15404 -6921 25657 13536
2 -7708 -5884 14180 2680 22359 15014
2 -8504 -6372 15436 15957 21348 15155
2 -10072 -5956 18948 10960 20572 11832
2 -10288 -5760 19708 3819 17036 7987
2 -9592 -4792 19788 6171 12700 5613
2 -7812 -3092 17584 9441 9729 4752
2 -7104 -1876 16484 8323 9455 3711
2 -7160 -844 16248 2397 10050 3118
2 -7628 -1084 15448 1254 10090 3859
2 -8680 -1196 16088 5329 10671 4421
2 -10424 -1152 18812 5595 9328 4021
2 -11416 -1312 21112 1857 7236 2690
2 -12180 -2472 21988 -3945 4847 1653
2 -11800 -3788 21044 -3601 1297 657
2 -10740 -3340 18752 3368 -1354 -372
2 -9756 -1384 17900 5428 -2798 -1824
2 -9096 -236 16580 -276 -2972 -3211
2 -8652 -436 15548 -3323 -2712 -3212
2 -8460 -656 14720 -222 -2983 -1759
2 -8068 -388 14108 1499 -3069 -704
2 -7396 -492 13292 146 -2760 -517
2 -7200 -1008 13252 -437 -1849 -547
2 -7400 -1036 13688 113 -1519 -717
2 -7420 -1004 13752 -1323 -1393 -1076
2 -7192 -1472 13564 -2238 -1528 -622
2 -6976 -1368 13424 1292 -1560 -188
2 -7016 -688 13744 1610 -1469 -340

2 14652 6492 -276 413 197 -1300
2 14572 6684 124 -142 144 -1529
2 14604 6780 556 -519 105 -1605
2 14544 6824 772 -547 91 -1672
2 14340 7140 996 -614 4 -1583
2 14320 7300 1408 -420 -311 -1347
2 14368 7396 1528 -80 -399 -1070
2 14272 7472 1552 108 -685 -843
2 14288 7288 1504 -127 -1140 -847
2 14528 7052 1208 -234 -1296 -856
2 14660 6592 1084 99 -1406 -933
2 14616 6748 848 738 -1355 -1035
2 14476 7136 964 566 -1392 -1151
2 14388 7260 1044 -69 -1756 -1312
2 14416 7100 1048 -692 -2058 -1415
2 14452 6784 836 -246 -2263 -1545
2 14676 7524 160 404 -2373 -1722
2 14768 8852 -292 532 -2331 -1808
2 15128 9796 -928 886 -2152 -1259
2 15380 10496 -1364 1381 -1623 -382
2 15472 10660 -1288 2636 -934 1186
2 15540 10556 -1160 3546 -430 2448
2 15548 10180 -1284 3636 84 3566
2 15764 9560 -1552 3240 170 3945
2 16048 8888 -1512 3069 934 4295
2 15808 7472 -1032 3586 1608 4825
2 15880 5632 316 4184 2072 4943
2 15372 3892 1708 4615 2264 4304
2 14504 3228 2872 4679 1462 2475
2 14320 3772 2916 4179 -43 136
2 14648 5468 2248 3453 -1153 -1176
2 14848 7092 824 2876 -1445 -1670
2 14944 8744 -908 2900 -1474 -1295
2 15800 10584 -2476 3282 -1563 -277
2 16500 12232 -4100 2350 -609 1451
2 15968 14052 -5696 1628 365 3790
2 16036 15368 -7352 85 792 6785
2 16472 14716 -8424 -2113 2916 10073
2 16764 13248 -9288 -3579 5930 13781
2 15320 10432 -8908 -3696 9458 17186
2 13804 8512 -8464 -1654 12486 20939
2 11892 6508 -6532 -408 15859 23328
2 11904 2716 -6764 -2060 19368 24114
2 10888 112 -5564 -3638 23894 23196
2 9572 -1252 -5428 -4722 28512 23309
2 8412 -968 -4832 -520 32767 24204
2 7216 -32 -1468 3347 32767 27756
2 4508 476 2900 3245 32767 29681
2 2532 -252 6256 7047 31810 30828
2 1356 -2656 5348 12162 29901 30241
2 964 -308 6196 14374 31301 28153
2 -1152 288 11408 6848 32767 25071
2 -1796 -2440 10276 -6104 32767 26327
2 -4532 -4088 10152 2272 29590 27743
2 -8308 -3984 10924 17673 29371 25838
2 -10712 -3488 13820 9163 30274 21100
2 -11300 -5364 14132 -2861 28673 16854
2 -11840 -6480 12696 5951 26070 17892
2 -12812 -4704 12420 20688 23388 20579
2 -13168 -1896 15048 23040 22152 17988
2 -13876 -244 17584 13634 22608 14125
2 -14092 -444 18336 4352 21664 11076
2 -14600 -3468 19204 -580 19772 9822
2 -15544 -6240 21996 -2038 16877 9810
2 -16104 -6996 23712 3354 11389 7508
2 -16400 -5408 25680 9837 6174 4173
2 -15440 -3032 26140 8087 617 -335
2 -13264 -1200 23104 884 -3134 -3935
2 -11280 -620 19060 -2750 -4616 -5423
2 -9328 -172 16056 82 -5258 -4373
2 -8044 432 14716 2139 -4119 -2845
2 -7800 752 14540 1409 -2716 -2082
2 -8192 648 14932 -435 -1707 -1378
2 -8268 52 15084 -1527 -1612 -589
2 -8208 -668 14608 -47 -1987 249

2 14008 8344 132 32 -2194 329
2 14292 7772 -208 210 -2049 22
2 14484 7820 -464 309 -1873 -726
2 14624 8652 -668 272 -1571 -1073
2 14752 9896 -828 -83 -1585 -1228
2 15456 11184 -1644 -496 -1618 -1035
2 16160 11844 -1972 -813 -1215 -58
2 16136 11832 -2196 438 -466 1693
2 15852 12288 -2916 404 -385 2619
2 15724 12360 -3072 -686 7 3566
2 14636 11676 -2820 -697 319 4791
2 14004 12036 -2196 -654 -94 5910
2 13940 12648 -2444 -1108 427 7569
2 15128 14188 -3472 -540 2505 10361
2 15796 14144 -4808 -2188 5248 12587
2 15924 13056 -5504 -2881 9064 14323
2 15856 12284 -5456 -5342 12924 15820
2 15636 11332 -4848 -6486 15533 17241
2 15748 9868 -4920 -6652 19220 19514
2 14652 6580 -2696 -5179 21627 22323
2 13944 3852 -1336 -1796 22798 24618
2 12604 2340 -1064 6240 22312 24716
2 10532 1904 -784 9976 23573 22081
2 9116 476 876 2441 24902 20025
2 7476 -1520 1068 -1023 23888 18782
2 6968 -1440 232 3151 26725 17950
2 6576 -1948 -1420 3806 29578 16547
2 4056 -580 440 8576 32767 18104
2 1084 968 2420 14849 32767 19283
2 -1612 1800 2340 14533 32767 18555
2 -5168 588 2752 7374 32767 18270
2 -8968 -604 3292 7536 32767 20205
2 -11476 364 4092 18102 32767 20445
2 -15368 3464 5440 24580 32767 16905
2 -18980 7392 8576 16502 32767 13262
2 -22600 6944 14396 638 32767 14763
2 -22960 4556 19492 1360 32358 19459
2 -21340 3452 22092 12199 25027 17411
2 -19512 732 24920 -782 21172 11553
2 -18340 -3504 25824 -20508 17954 5707
2 -18384 -7300 27308 -17989 12607 2435
2 -18096 -6820 29388 599 5597 1051
2 -16692 -3740 27520 6787 -1382 -687
2 -14456 -1440 23416 -3477 -4610 -3623
2 -12148 -1060 18632 -7124 -6003 -5574
2 -10240 -48 15940 -1832 -5617 -4743
2 -9304 732 15576 901 -5209 -2766
2 -8692 464 14808 -401 -3959 -1552
2 -8420 -76 14876 -394 -3508 -864
2 -8024 248 14920 3119 -3494 -356
2 -7840 428 15060 1993 -3671 -345
2 -7240 -148 14192 -1409 -4208 -609
2 -6600 -768 13064 -219 -4109 -752
2 -6088 -944 12532 717 -3632 -678
2 -5812 -636 12284 1901 -3069 -621
2 -6144 328 12624 3312 -2417 -715
2 -6388 628 12932 1075 -2124 -777
2 -6240 672 13008 -542 -2065 -875
2 -6048 956 12876 114 -1280 -782
2 -6152 1260 13204 -159 -515 -472
2 -6688 896 13796 -709 -215 134
2 -7040 512 14128 329 -225 499
2 -7212 448 14592 -651 -270 -158
2 -7260 184 14680 -3051 -544 -928
2 -7212 -288 14488 -2659 -588 -500
2 -7212 -496 14496 -140 -555 63
2 -7424 -196 14764 571 -651 232
2 -7328 -128 15024 486 -1051 250
2 -7384 -16 14844 493 -1339 -19
2 -7248 276 14772 544 -1472 -301
2 -7152 484 14508 -509 -1433 -404
2 -6944 276 14436 -841 -1422 -198
2 -6840 284 14228 -200 -1367 -1
2 -6816 244 13884 -883 -1036 -102
2 -6828 -100 13756 -1365 -531 123

2 14276 9280 384 180 -1343 -456
2 14108 8176 768 -173 -1343 -450
2 13860 7696 1524 -629 -1219 -939
2 13948 7252 1452 -475 -1514 -1086
2 14008 7808 1284 470 -1133 -880
2 13508 8252 1580 428 -1248 -846
2 13492 8020 1836 -359 -1741 -1027
2 13972 7616 1196 -494 -1986 -1243
2 13632 8084 988 -82 -1469 -1263
2 13188 8704 804 -518 -1813 -1255
2 13472 8988 528 -656 -1826 -932
2 13096 8856 796 -743 -1862 -641
2 13660 8484 672 -1016 -2015 -463
2 13388 7724 1356 -726 -1494 -337
2 13588 7616 2024 -708 -1825 -436
2 13516 7964 2248 -1004 -2344 -892
2 13728 7912 1660 -1313 -3018 -979
2 13808 8332 1408 -595 -2890 -1073
2 13872 9132 1108 -612 -3368 -1140
2 14128 9832 -68 -635 -3339 -1180
2 15240 11684 -2468 -223 -3137 -546
2 16464 13548 -4924 -501 -2162 711
2 15416 15636 -5260 -1708 -1746 5021
2 12448 15700 -5112 -2057 -3831 10061
2 16716 15368 -8736 -6038 -3970 11331
2 19516 16248 -10364 -13015 2599 13472
2 19016 16220 -14444 -1158 18914 23841
2 19532 14644 -20060 11094 32767 32767
2 10820 22380 8108 4575 32767 32767
2 2972 12028 2472 -12651 30406 28383
2 9900 -1612 6956 -12941 13078 25475
2 22424 -2048 -5692 -2203 21050 19335
2 15268 -1172 -3904 -393 32767 23248
2 11500 -3648 -84 8413 24860 21533
2 10320 -6076 -4580 14533 28629 14757
2 6960 -4612 -4708 4922 32767 7679
2 5896 -5632 -1892 -9328 32767 6457
2 3412 -6016 -6348 1351 32767 10847
2 -492 -2084 -3848 23277 32767 12079
2 -6048 2492 -1772 24587 32767 5419
2 -16632 -828 6216 1059 32767 2903
2 -23844 -6000 6584 -9648 32767 6977
2 -26964 -3324 13448 22903 32767 5630
2 -26464 8248 13312 32767 32767 -1401
2 -23632 17436 18872 13551 29081 -3953
2 -20084 14696 27920 -28307 28632 152
2 -19388 -456 17648 -32768 21114 11464
2 -16896 -9880 27652 -6148 10284 13869
2 -17168 -6208 20196 16702 13296 9856
2 -15224 -1372 21832 7287 6154 7985
2 -17420 524 25152 -2566 -2515 4515
2 -18168 -2176 28320 -10282 -5098 -4077
2 -12016 -5076 19940 -24124 -10013 -10391
2 -6552 -7216 12688 -15857 -7944 -7344
2 -5764 -3160 11724 16882 -5047 747
2 -6188 2872 13484 30946 -4665 4910
2 -7296 6168 14780 9609 -2347 1982
2 -7704 3632 14948 -10963 -1815 -715
2 -6872 836 13176 -3164 -3012 1536
2 -5440 96 12168 9008 -1569 3865
2 -5668 796 13120 4555 -485 2755
2 -6496 664 13660 1275 -403 877
2 -6896 1304 14100 3136 -751 98
2 -6732 1332 13992 -422 -834 -475
2 -6404 412 13228 -1842 -842 -145
2 -6724 1124 13628 5038 -251 1074
2 -7340 2660 14284 5216 -719 1092
2 -7240 2612 14440 -1530 -935 -347
2 -7160 1272 13884 -3336 -994 -755
2 -7180 636 14096 -66 -950 -110
2 -7240 996 14392 1278 -842 151
2 -7332 1148 14308 -314 -998 -311
2 -7440 1120 14048 -1196 -1066 -779
2 -7124 1144 13892 -566 -1134 -782
2 -6992 1340 13624 -610 -741 -500

2 12932 10404 1240 -789 -143 -480
2 12608 9772 1700 -822 -440 -89
2 13332 9588 1660 -166 -696 161
2 13204 9668 1684 -151 -693 2
2 13556 9740 1796 -757 -355 -190
2 13288 9264 1744 -911 -210 -332
2 13084 8980 1880 -368 -442 -388
2 13140 9224 1724 -112 -468 -540
2 13168 9388 1896 -364 -471 -606
2 12800 9196 1912 -641 -248 -827
2 12476 9056 2120 -634 -145 -978
2 12412 9108 2032 -586 -342 -975
2 12544 8976 1528 -231 -785 -861
2 12796 9748 1268 -456 -833 -871
2 13136 10020 896 -1160 -1241 -873
2 13400 9756 1048 -1154 -1589 -611
2 13752 10444 1284 -263 -2084 -331
2 14180 10708 1312 -752 -2096 -314
2 13996 11580 808 -804 -2408 -433
2 14552 12868 184 -943 -2788 591
2 13472 14056 -380 -881 -3157 2070
2 13308 16724 -1232 -1752 -5473 5003
2 14012 17168 -3696 -2909 -6942 8131
2 16148 17188 -6284 -3506 -4908 10274
2 15636 15624 -6984 -3455 -1451 12577
2 15200 13916 -6072 -3127 1676 14198
2 14860 12000 -4996 -5729 3905 14204
2 15468 7692 -4452 -6555 5145 14948
2 18812 3596 -5044 -5206 7439 14952
2 18792 1420 -5244 -2459 13854 15110
2 16952 1896 -4104 2567 20591 16546
2 13460 2148 -1048 2195 25418 15725
2 13460 248 2456 -8552 24328 11283
2 14724 -1000 1416 -16402 25874 9682
2 13704 -920 1408 -3366 30433 12174
2 11940 1548 4248 8552 32767 14683
2 9560 4180 7904 7641 32767 17626
2 6648 3280 9400 6193 32146 16940
2 6080 3400 8748 2285 28694 12278
2 6708 3396 8152 -577 26772 8028
2 5808 3028 5812 -2312 31817 8207
2 1992 40 5524 -5572 32767 9005
2 -1676 -1640 6912 -2271 32767 9458
2 -3296 -1916 6808 5115 29719 7641
2 -4052 8 5908 11115 28196 3139
2 -4464 1356 3548 3951 30505 -115
2 -6564 60 2944 -10112 32767 1100
2 -9872 -2852 2160 -10838 32767 8511
2 -16236 -992 11044 12492 32767 15155
2 -19232 5760 18352 32767 27081 18176
2 -18332 10168 21544 30996 21150 13190
2 -16000 7688 27096 -7415 15082 5638
2 -13208 448 18560 -28201 12619 2028
2 -13096 -620 17748 -4368 10596 2355
2 -13404 2688 20880 14481 7558 3585
2 -12976 4868 23524 179 5663 2937
2 -12304 3416 21284 -10094 3246 1470
2 -11436 2896 20312 -2054 884 352
2 -10868 3452 19508 -910 -437 61
2 -10156 3044 18248 -6036 -848 686
2 -9740 1740 16884 -2002 -1035 2063
2 -9356 1784 17264 3660 -1582 2728
2 -8996 2460 17248 1915 -2353 2118
2 -8588 2264 16776 -1787 -3013 1109
2 -8116 1776 16092 -2259 -3653 290
2 -7316 1832 15412 -1977 -4708 -205
2 -6292 1284 14316 -2592 -4745 -224
2 -5676 532 13424 -2621 -4157 33
2 -5276 408 12968 89 -3549 111
2 -5496 916 13436 1047 -2546 33
2 -5772 1132 14088 -7 -2369 -227
2 -6100 1068 14284 -47 -2561 -486
2 -5916 1180 14500 995 -3171 -709
2 -5652 1516 14124 857 -3209 -1230
2 -5172 1440 13408 -1133 -2629 -1567

2 13692 4724 5820 127 411 -1633
2 13548 4744 5752 1120 -250 -2275
2 13484 5440 5232 536 -836 -2903
2 13504 5524 4704 556 -1355 -2959
2 13768 5856 3944 952 -1572 -3014
2 13652 6396 3688 622 -2023 -3324
2 13752 6916 3132 608 -2266 -3361
2 13848 7484 2908 582 -2560 -3235
2 14192 8188 2484 893 -2623 -2704
2 14060 8452 2236 1214 -2796 -2162
2 14312 9152 1956 769 -2894 -1741
2 14292 9404 1844 -94 -2721 -1522
2 14300 9372 1616 -397 -2674 -1282
2 14412 9164 1456 -635 -2568 -1161
2 14636 8952 1484 -553 -2092 -851
2 14740 7992 1604 -46 -1785 -661
2 14768 7220 1916 422 -1296 -812
2 14268 7024 2264 1357 -993 -1124
2 13892 7824 2780 782 -1010 -1634
2 13620 7448 2940 61 -1448 -2067
2 13884 7840 2768 544 -1623 -2312
2 13616 8416 2520 1062 -1750 -2102
2 13568 10344 1684 1926 -1693 -1815
2 13632 12684 680 1641 -1749 -1051
2 13916 14280 436 1814 -1518 742
2 13448 17608 -232 4002 -1168 3827
2 13720 20916 -1096 4157 -1235 9145
2 14532 21040 -2360 3949 -1111 14585
2 16008 20216 -3916 3118 1005 20887
2 16200 15624 -5172 3216 3571 26180
2 15768 11124 -5800 6666 8960 29995
2 15632 4912 -6332 11195 14473 31285
2 14748 2744 -6996 14308 23061 28110
2 15584 4164 -5712 8761 29732 25057
2 12996 3400 40 -679 32767 24713
2 9988 1480 3052 -11506 30388 25917
2 8008 -1568 6568 -1779 23268 27784
2 7704 -672 6772 18048 21706 26260
2 7168 308 8708 13144 20148 21498
2 6496 216 7520 -5019 21744 19675
2 5752 -1204 6468 -4012 21218 20760
2 4260 -1168 8568 6394 21772 23321
2 2152 -1776 10260 6681 21012 23574
2 -864 -1812 10824 4148 21387 24624
2 -3576 -1144 11416 4966 22145 28018
2 -3192 -2552 11444 5024 20770 28201
2 -5556 -3980 11408 3909 22587 30028
2 -7768 -6268 12284 1957 23369 32767
2 -7652 -6740 12948 5650 20388 31470
2 -8400 -5192 13848 11313 20245 23978
2 -11028 -3500 15452 1738 20831 22288
2 -9548 -5552 14328 -1032 17215 23342
2 -11528 -7344 14800 9826 15350 24824
2 -12548 -6136 16384 12578 12798 22505
2 -9992 -4500 17804 11009 11386 16623
2 -9364 -7104 18444 2478 12924 9758
2 -12524 -9916 19264 -2836 12860 10091
2 -14176 -9212 20508 7145 7678 11481
2 -12536 -6668 20860 11272 2542 7978
2 -10888 -4172 20748 3612 1487 1866
2 -8592 -3908 17804 -1479 -1594 -1339
2 -6352 -3596 15116 5436 -2417 -298
2 -6880 -2288 15756 7508 -462 1545
2 -7796 -1776 17220 2238 96 1440
2 -8764 -2560 17112 47 -603 -137
2 -8452 -3124 16576 -117 -2204 -1765
2 -7504 -3188 15556 1159 -3930 -2349
2 -6588 -2052 14968 4422 -4021 -2062
2 -6728 -984 14840 3897 -3382 -2186
2 -6912 -1216 14344 -1502 -2581 -2186
2 -6476 -1880 13900 -1870 -2367 -1621
2 -6360 -1808 13664 1455 -2710 -758
2 -6264 -1700 13844 722 -2027 -1110
2 -6284 -2012 13648 -1831 -1505 -1635
2 -6396 -2008 13836 -497 -1269 -1435

2 14876 7800 3024 483 -21 -498
2 14784 7812 2860 316 564 91
2 14464 6340 3140 -101 771 481
2 14544 5492 3364 830 1073 527
2 14188 5024 3896 1320 1062 393
2 13876 5272 4612 1211 756 113
2 13564 5372 4872 538 -144 -259
2 13788 5644 4540 95 -959 -464
2 14252 5872 3976 319 -1265 -564
2 14364 6468 3640 326 -1250 -397
2 14252 6760 3588 -4 -1238 -274
2 14408 6456 3272 -12 -1522 -243
2 14664 6556 3048 77 -1522 -176
2 14852 6368 3100 -261 -1245 -121
2 14912 5864 3248 -176 -1056 -307
2 14848 5528 3580 -107 -1131 -519
2 14680 5304 4172 -148 -1289 -838
2 14944 5724 4320 -322 -1496 -1290
2 15016 5624 4428 -728 -1986 -1678
2 15008 5616 4492 -592 -2551 -2217
2 15648 6544 3904 -573 -2879 -2897
2 16160 7512 3712 -153 -3252 -3258
2 17108 8544 3480 822 -3693 -3252
2 17156 9396 3656 1420 -4340 -2945
2 16300 10840 2736 2502 -5697 -2343
2 17208 13532 868 2267 -6989 -891
2 17380 14168 -1440 514 -7207 824
2 16792 14368 -3440 -479 -6284 2774
2 16992 15224 -4724 -1225 -4859 5890
2 17576 15672 -5736 -1062 -2363 9723
2 17872 14264 -6772 -2114 940 13101
2 18640 11668 -7248 -1888 5638 15289
2 17316 10032 -6092 -2202 10614 16453
2 16228 6068 -6244 -4260 14823 19554
2 17080 3868 -6684 550 21617 24756
2 15264 2796 -3736 4634 29349 26108
2 12012 1956 908 -1214 31760 25161
2 8580 -568 3464 -3401 29312 24499
2 9104 -172 4404 6748 23199 24810
2 7904 -272 2976 12721 28682 21621
2 7104 1160 4820 3056 27052 16826
2 3772 1736 3464 -792 29068 15316
2 1832 1160 3392 1136 31491 17995
2 -1560 212 5540 4482 31464 21072
2 -3532 -32 6148 5856 31790 20582
2 -5356 -164 6212 4387 30113 17852
2 -6944 -856 7364 2822 29540 15578
2 -8280 -1284 7760 5850 28694 16230
2 -8928 -1072 7604 12352 26555 18015
2 -10140 340 10828 16676 26683 17228
2 -12744 400 15152 11968 24637 13394
2 -14612 488 19792 5863 17446 6671
2 -11000 -1396 20268 -961 11695 3673
2 -6868 -6088 19308 -586 7917 5337
2 -6808 -7464 19832 10706 9193 3521
2 -7196 -4972 19504 15768 9246 -960
2 -7928 -2868 20968 6968 11610 -4088
2 -10424 -2068 19912 -1152 13587 -4427
2 -11684 -648 24012 3506 12000 -2983
2 -10452 3572 26428 5178 7233 831
2 -8268 2304 23404 -975 2861 3555
2 -7228 -1128 19384 -1899 2201 3784
2 -7028 -1336 18064 3234 2633 2647
2 -7092 676 18212 4482 2427 1076
2 -7448 1376 18864 -604 1118 203
2 -7128 288 18184 -2873 62 -133
2 -6880 -680 17384 -17 -733 582
2 -6368 -820 15940 2404 -1446 1231
2 -6100 -304 15088 3144 -1293 680
2 -6248 564 14884 1655 -1344 -391
2 -6000 648 14924 -1334 -1398 -1154
2 -6012 4 14572 -2670 -1389 -1428
2 -5980 -272 14508 -770 -1295 -1068
2 -5972 -60 14184 352 -1310 -679
2 -5700 584 14088 376 -961 -807

2 15272 2364 1076 5 -1264 119
2 15464 2536 1004 -501 -1367 -592
2 15816 2860 1004 -636 -1359 -1156
2 16240 3684 796 -516 -1217 -1512
2 16372 4392 708 -520 -746 -1282
2 16132 4344 936 -463 -316 -899
2 15728 4068 1376 -600 -247 -757
2 15720 3760 1544 -873 -421 -911
2 15688 3672 1572 -1024 -372 -1300
2 15304 3792 1568 -1172 -190 -1793
2 14980 3612 1720 -903 -307 -1538
2 15372 3748 1504 -254 -318 -1237
2 15996 3888 1244 -242 7 -1385
2 16380 4332 1512 379 402 -1885
2 16796 5436 1716 1571 684 -1626
2 17612 6552 1964 2491 520 -686
2 18244 6768 1740 2831 269 13
2 18700 7252 904 3374 -57 -54
2 19416 7772 -240 4214 -174 248
2 19788 8368 -1064 5626 809 984
2 19864 8552 -1532 5649 2023 2516
2 19456 7908 -1440 5400 3323 3793
2 19276 6784 -948 6042 4310 4490
2 19232 5332 -340 9829 5446 5830
2 19040 7120 -8 16501 8234 8419
2 18128 9620 744 16124 9680 10419
2 16344 10220 1344 11120 10305 12849
2 14060 7896 2488 6990 10127 14269
2 13444 6384 2152 6248 10929 15477
2 12676 5792 3240 4583 10943 16196
2 12972 4348 3112 3514 12173 17152
2 11728 2728 3260 3640 14908 18257
2 12612 3136 2428 4074 16761 20085
2 12616 3460 3164 5687 19051 21834
2 10552 3596 5792 368 21833 24963
2 8912 928 6036 -5656 20291 28096
2 7416 -1304 6744 2211 19652 31099
2 5884 -396 6860 10675 21075 30959
2 3016 -3072 9660 2053 22625 31332
2 3672 -4680 7240 -6309 21578 32767
2 1476 -7492 6740 4318 23032 32767
2 -4024 -8456 10596 12698 25248 32767
2 -6012 -7652 12360 17811 16129 32767
2 -4012 -6332 13464 21008 14841 27245
2 -2384 -2052 16224 9409 16072 15682
2 -3592 -5384 13844 -7735 17302 13825
2 -3828 -8220 10692 6119 11582 24498
2 -5332 -6768 13940 21150 12884 23379
2 -5920 -3864 15560 4507 13568 10362
2 -6496 -6364 15440 -7614 14275 6549
2 -6408 -8064 12516 9708 7428 13095
2 -6324 -5872 13756 16883 6160 15208
2 -4888 -3640 13760 8709 7369 9068
2 -4976 -2404 13984 5090 9648 6840
2 -5312 -2576 13740 2067 9564 7887
2 -6284 -3812 13040 -141 10485 7918
2 -6696 -5084 12684 5 9502 7286
2 -6716 -5736 11532 6185 7755 8158
2 -7748 -3828 13408 12386 7580 9562
2 -7820 -2000 14880 8059 8002 7273
2 -8336 -3640 16936 1293 8991 5265
2 -11108 -5628 16116 1148 7639 4905
2 -12364 -5664 18464 3667 6468 3195
2 -12136 -6176 20180 1731 3491 -825
2 -9660 -4752 18044 6157 -2116 -4035
2 -11260 -2424 17160 13804 -532 -3210
2 -11776 384 19936 2864 1279 -1781
2 -9720 -888 18064 -3069 -2021 -2635
2 -9284 -2284 15108 1532 -601 -1310
2 -10060 -2584 16588 1957 118 341
2 -9472 -1928 16036 696 -1533 -149
2 -8544 -1608 15452 1576 -1606 -170
2 -8408 -1400 14688 1036 -1236 -125
2 -8572 -1352 14380 280 -1042 -479
2 -8576 -1332 14028 336 -1042 -671