0.108144 0.154143 0.0910475 0.186236 0.236928 0.223502
0.150291 0.130591 0.17817 0.181266 0.170115 0.189568
0.168141 0.12707 0.189061 0.150608 0.187366 0.177753
0.135516 0.132861 0.119634 0.183156 0.208844 0.219989
0.174749 0.149345 0.15108 0.174509 0.176953 0.173364
0.178613 0.157414 0.174804 0.16111 0.168957 0.159102
0.172098 0.162156 0.166768 0.164433 0.172644 0.1619
0.175381 0.160236 0.16733 0.164669 0.170132 0.162251
0.17289 0.157049 0.156386 0.174328 0.170451 0.168897
0.174754 0.160828 0.173548 0.15951 0.170602 0.160758
