1 1112 -16296 1752 680 -634 -159
1 852 -16244 2204 83 -581 -168
1 788 -16088 2044 172 -814 -256
1 848 -16052 1884 -307 -972 -397
1 1036 -16424 1860 -1012 -749 -381
1 1008 -16492 2036 512 -571 -243
1 1100 -16332 2248 275 -653 -188
1 1016 -15944 2540 87 -606 -409
1 932 -15768 3008 -288 -776 -226
1 888 -16416 2700 -570 -1318 131
1 920 -16444 2460 1267 -1227 242
1 936 -16300 2140 63 -1275 40
1 944 -16104 1904 -97 -1193 -213
1 880 -15900 2088 33 -1144 -101
1 700 -16096 2128 -380 -1118 115
1 756 -16672 2028 -109 -1189 8
1 912 -16864 1712 -339 -1089 -442
1 1128 -16744 1284 -237 -778 -867
1 1272 -16608 1032 -752 -130 -1437
1 1172 -16600 1096 -470 401 -1663
1 1052 -16732 588 -736 642 -2029
1 1260 -16908 -1444 -1226 1659 -2793
1 1520 -16688 -2200 -2175 2164 -4094
1 1636 -16068 -2972 -2225 3990 -5491
1 1988 -15564 -1688 -2472 5600 -6180
1 1352 -16116 -1684 -3372 6955 -5674
1 1132 -17184 -1888 -2109 7043 -5697
1 956 -17168 -3060 -1757 8069 -6813
1 1140 -16480 -3304 -4572 8180 -8092
1 696 -16568 -3780 -7839 9770 -7882
1 -484 -17284 -5748 -7833 11313 -6745
1 -1308 -17804 -8136 -3810 13196 -5463
1 -1940 -18296 -9880 -380 15950 -4045
1 -2024 -16296 -10360 2038 18121 -4646
1 -696 -15820 -8336 -497 18865 -5917
1 -764 -14692 -5600 1489 23653 -7284
1 -2452 -13292 -1744 1475 25250 -9046
1 -2000 -12576 608 -1864 23875 -10048
1 172 -12376 1792 -4973 22104 -7987
1 508 -13292 3476 -1321 22358 -4501
1 388 -14340 4848 2143 20102 -4698
1 1704 -14812 5192 1648 19425 -4321
1 2652 -15320 4724 5161 20096 -2005
1 2272 -14712 5080 10886 21291 -2791
1 2132 -14212 6648 5054 22618 -5811
1 924 -15976 6788 -1304 22642 -6809
1 596 -16912 6548 -1349 20892 -8285
1 3080 -16684 4532 -1407 18961 -7106
1 3356 -17380 3384 -2050 21364 -5234
1 1540 -18688 5220 -1185 22564 -8500
1 -1040 -18524 9112 255 25097 -10294
1 -3392 -20544 12352 9846 26356 -5938
1 -10136 -14952 20720 29581 29400 -2889
1 -32768 21260 32767 32767 5703 -1642
1 8832 -6492 8724 -32768 -20052 159
1 8288 -17720 -5476 -11230 -3422 -1486
1 5668 -13616 6916 19621 2848 -852
1 1588 -12740 14284 -9219 -1127 -828
1 3840 -13408 9236 2384 -2345 -1721
1 3904 -13560 7476 -1735 -1476 -1059
1 4236 -13228 8084 231 -309 -1589
1 3384 -12172 9404 -272 -37 -1286
1 3468 -12272 8972 -629 -37 -973
1 3668 -13908 7876 -2739 -1171 -364
1 4084 -13728 7880 -1126 -1001 -444
1 3980 -13296 8428 -2447 -514 -646
1 3616 -12892 8564 -1616 -309 -1035
1 3696 -13696 7908 -2778 -1059 -564
1 3600 -14660 7784 -1440 -1261 -392
1 3540 -14560 8124 -1071 -1612 -267
1 3516 -13828 8044 -81 -1407 -60
1 3480 -13712 7668 -902 -1740 -58
1 3692 -13296 7568 -842 -1323 -9
1 3804 -13796 7852 -1609 -1297 43
1 3824 -13704 7976 -693 -1082 42

1 960 -16400 1204 -143 -848 -187
1 872 -16672 1220 310 -934 -114
1 996 -16308 1136 347 -1025 -343
1 1180 -16152 1116 -606 -750 -676
1 1252 -16132 1052 -1692 -753 -1252
1 1200 -16340 568 -1998 -537 -1128
1 1092 -16560 552 -742 -241 -748
1 924 -16616 620 -261 -112 -707
1 1000 -16472 492 -290 9 -901
1 1128 -16224 528 12 -21 -1002
1 1040 -16036 496 -221 463 -910
1 1084 -16128 116 288 504 -759
1 1552 -15980 -416 -354 728 -1194
1 1708 -16304 -236 -1235 1453 -1445
1 1340 -16532 96 400 2061 -987
1 1104 -16228 568 1138 2194 -1048
1 1204 -15900 400 -421 2068 -1518
1 1624 -16300 -560 -2023 2084 -2105
1 1676 -16900 -1072 -1534 3275 -2158
1 1336 -17376 -1492 -950 4501 -2344
1 1404 -17476 -2076 -1691 5186 -3513
1 1300 -17376 -2416 -2469 6367 -4625
1 1564 -16912 -2480 -1730 7389 -4932
1 1288 -16508 -1416 -558 8724 -4290
1 1144 -16084 -856 1220 8984 -3419
1 1332 -15252 -276 1755 8775 -3172
1 1928 -15288 196 -1072 8267 -3808
1 2288 -15968 248 -2492 8636 -3416
1 2192 -16448 532 407 8819 -2167
1 2108 -16344 672 1697 8693 -1435
1 2280 -16168 584 1181 8590 -1463
1 2164 -16284 328 -106 8780 -1841
1 2160 -16368 -24 -677 9135 -2002
1 1964 -15936 -700 346 9669 -1732
1 2020 -15684 -1060 434 10362 -1492
1 2076 -15804 -848 -52 11528 -1205
1 1440 -16012 -460 681 12545 -1039
1 816 -15912 28 531 12861 -1573
1 748 -15948 -260 -98 12968 -1588
1 456 -16088 -292 692 13917 -1417
1 -168 -16088 -228 205 14579 -1663
1 -372 -16064 360 -503 15017 -2078
1 -460 -16264 1052 142 14979 -2488
1 -176 -16260 1804 628 14548 -2592
1 408 -16348 2364 1810 14332 -2723
1 956 -16616 3452 264 14000 -2788
1 752 -17064 3856 936 13710 -2991
1 852 -17012 4228 1392 12706 -3451
1 672 -16548 4048 1769 12330 -3649
1 628 -17156 3176 1218 10797 -4065
1 1348 -17560 3176 2545 11147 -4495
1 1184 -16956 3400 6657 11704 -4251
1 1344 -16692 5032 6742 11700 -4161
1 1088 -15912 4468 9278 11289 -4122
1 436 -14200 5388 13576 11528 -4091
1 612 -13004 6292 8563 10433 -5301
1 936 -13368 7736 1371 10192 -5457
1 948 -13392 8296 4160 10499 -4545
1 172 -12960 9340 5467 8792 -4962
1 800 -13152 9800 435 5370 -6226
1 2688 -14192 8560 -1691 4694 -7752
1 2688 -14004 9028 2523 6854 -6956
1 1716 -13208 10344 6134 7025 -4528
1 1644 -13464 10776 4921 4453 -3676
1 1900 -13544 9600 4102 3529 -4400
1 2608 -12604 10208 3232 2804 -4577
1 2780 -12668 9872 1130 1842 -4925
1 2916 -12904 8400 748 1197 -5631
1 2976 -13252 7568 -535 875 -5584
1 3780 -14016 7532 376 934 -4718
1 3440 -13084 7660 8434 3754 -4361
1 2216 -11752 10696 9089 3946 -6146
1 2708 -10672 8520 -1159 601 -7986
1 4860 -10460 7648 -4066 2307 -7241
1 4076 -13360 6728 -3594 4152 -4931

1 1272 -15096 3904 -602 -1497 607
1 1368 -15564 3200 -395 -1476 943
1 1468 -16036 2800 -12 -1152 1021
1 1544 -16456 2652 -30 -477 782
1 1420 -16460 2772 402 135 409
1 1328 -16548 2852 781 157 73
1 2224 -16896 3024 1321 -398 -773
1 2028 -17628 2044 1865 481 -2573
1 1600 -16548 2232 3433 3124 -2623
1 1080 -16476 3668 3584 6650 -2222
1 -668 -16344 4632 2308 10704 -2262
1 -356 -15872 5276 4463 7420 -64
1 364 -15620 4156 -2464 4424 -888
1 1248 -17216 2132 19 4238 -1283
1 1452 -17720 124 -30 4517 -1866
1 1228 -17992 -588 -1127 4011 -3863
1 1292 -17440 -1284 -1516 3831 -6086
1 1568 -16552 -2028 -2814 4911 -7718
1 1308 -16324 -3116 -3853 7102 -8768
1 960 -15812 -3592 -2807 8986 -9351
1 1016 -14844 -3836 -1801 11097 -9547
1 432 -14468 -3776 -1283 13373 -8952
1 540 -14104 -3804 -2220 15053 -8208
1 88 -14440 -2512 -2652 17441 -7876
1 -368 -14548 -596 -2731 18952 -7634
1 -476 -14276 1760 -2059 19384 -7015
1 -600 -14604 3880 -2805 18602 -6726
1 -192 -14384 4312 -2514 17631 -5824
1 -64 -15824 5056 -3902 17032 -4664
1 -476 -17300 5764 -2702 16494 -4166
1 -340 -17708 6400 -2324 15459 -4427
1 344 -18084 6564 -2452 15057 -4703
1 -448 -16940 6836 -2948 13878 -4946
1 -88 -18112 6836 -1790 13474 -4312
1 232 -18076 7080 -822 12698 -3973
1 720 -17888 7036 635 12544 -4866
1 632 -16980 7120 983 12056 -5232
1 744 -15916 7404 1733 11946 -4803
1 592 -16416 7960 -118 10888 -4770
1 1324 -16852 8120 2932 10664 -4499
1 960 -14640 8212 4581 10194 -3821
1 536 -14624 7956 1042 8434 -4253
1 1680 -15060 6552 -772 6758 -5025
1 2272 -14676 5376 255 7409 -4590
1 2488 -13920 4600 46 7756 -4186
1 2628 -14716 4516 -318 7993 -4497
1 2672 -13832 4916 2286 9538 -4108
1 1900 -13612 6292 1466 10118 -3636
1 1552 -13928 7412 1157 9691 -3797
1 1572 -13344 7880 956 9225 -3798
1 1260 -13216 8320 -556 8472 -3717
1 1012 -13768 8532 -1247 7276 -3734
1 1836 -14096 8408 -1039 6153 -3435
1 2096 -14044 8584 383 6780 -2896
1 1720 -13916 8792 719 6399 -2408
1 1344 -14508 9328 30 5696 -2271
1 1884 -14524 9312 -34 4648 -2614
1 2132 -13900 9252 105 4286 -2112
1 2192 -13584 9312 698 4277 -1183
1 1976 -13892 9224 -321 3884 -768
1 1296 -15308 9700 126 3846 -643
1 828 -15504 10032 2882 2875 -929
1 1308 -15364 9552 1857 1106 -1139
1 1964 -15920 8000 48 178 -1862
1 2368 -15108 6720 1474 630 -2227
1 2460 -14140 6092 236 979 -2781
1 2344 -14068 6192 -2862 792 -3599
1 2540 -13648 5808 -2664 1026 -3436
1 2812 -12988 5856 -1043 2225 -2915
1 2492 -12684 7112 -1638 2379 -2648
1 2176 -13064 8328 -2900 2296 -2331
1 2212 -12740 9644 -1701 2580 -1624
1 1660 -12720 11560 -2467 2556 -1496
1 1004 -13620 11932 -4308 993 -987
1 1984 -15984 9684 -2341 -1288 671

1 824 -16872 1368 230 -1871 601
1 652 -16740 1204 592 -1445 266
1 452 -16448 1288 225 -1130 -29
1 204 -16516 1492 -263 -1062 -260
1 320 -16408 1596 -337 -808 -359
1 748 -16120 1524 -61 -1098 -475
1 1080 -15692 2100 -480 -975 -764
1 672 -15332 1984 -826 -951 -472
1 468 -15780 2440 923 -1107 944
1 200 -16736 3388 2249 -2678 1440
1 972 -17240 2896 4494 -5656 -583
1 1164 -16932 956 5912 -4435 -2514
1 1160 -17372 1972 4370 -2598 -3008
1 136 -19120 1520 6652 -1504 -4523
1 340 -16560 912 11793 930 -3803
1 2188 -16032 -20 2040 7787 -5400
1 1120 -19464 -3480 -807 15727 -8120
1 440 -19332 -5212 3066 20430 -11075
1 -2100 -18832 -5580 1090 19463 -14128
1 -1364 -16292 -7220 365 18430 -16414
1 -696 -15488 -8496 -5032 19191 -16588
1 -268 -16264 -9432 -1568 21280 -14831
1 -1812 -15044 -8176 -552 24441 -13367
1 -3208 -15608 -6480 -1685 25963 -13600
1 -4200 -15196 -4360 -4167 28499 -13878
1 -4828 -14688 -3096 -5737 30951 -13324
1 -5676 -15492 -1748 -10740 30311 -12296
1 -5988 -16828 -1444 -8881 31063 -10612
1 -4544 -17680 -1668 -9756 31521 -9757
1 -5600 -18568 -1184 -8645 32767 -8771
1 -6348 -18608 180 -6142 32767 -8034
1 -7036 -20260 2040 226 32767 -6750
1 -7812 -19488 4136 2180 32767 -6143
1 -7752 -15996 6952 4206 32767 -7616
1 -9712 -15672 9956 -1399 31397 -10421
1 -9904 -15764 11164 -1364 28050 -10007
1 -8316 -14384 12268 1476 24693 -8015
1 -7956 -11956 14156 -32 23176 -8173
1 -7928 -13984 15176 -5539 17850 -7670
1 -5404 -16456 13976 -1251 13337 -5258
1 -3336 -19832 13304 6702 10880 -1859
1 -2296 -17792 14028 16017 10508 304
1 -3740 -18256 16564 13938 9810 -1396
1 -4800 -17496 18376 16331 7153 -4844
1 -12420 -8240 30392 25321 -2440 -1722
1 -6608 2508 24572 8708 -21263 7614
1 5488 -12140 5472 -8351 -12982 3375
1 4864 -12724 972 7377 -4068 3235
1 5768 -8012 6500 -2014 -3489 888
1 -932 -9892 16452 -10991 -2238 -3344
1 1468 -16568 9524 -6687 -1705 -2411
1 2208 -16884 8264 -665 -1244 -143
1 2552 -15656 8736 1154 -773 427
1 2028 -13316 9848 -269 76 -358
1 1864 -12336 9100 -798 694 -591
1 1540 -13060 8800 -1441 629 -568
1 1740 -14020 8888 -1003 470 -406
1 1656 -14184 8816 142 569 -562
1 1824 -13212 8480 -454 301 -704
1 1532 -12872 8716 -1647 322 -731
1 1148 -13724 8760 -1843 109 -310
1 1184 -14584 8608 -617 -689 -75
1 1528 -13736 8640 -279 -628 -63
1 1564 -13900 8608 -495 -766 -210
1 1620 -13836 8620 -434 -541 -225
1 1372 -14108 8940 -236 -833 0
1 1488 -13920 8888 387 -1137 169
1 1380 -13696 8392 252 -1354 270
1 1628 -13584 8464 530 -1391 272
1 1968 -12900 8492 -358 -1547 183
1 1940 -13188 8620 -713 -1170 154
1 1692 -14104 8520 -942 -1256 283
1 1716 -14160 9064 -31 -1271 427
1 1948 -14272 8884 120 -1145 405
1 1868 -13996 8456 279 -1027 366

1 64 -16552 3308 -659 -534 306
1 -16 -16944 3340 77 -758 342
1 152 -16732 3196 271 -853 -26
1 332 -16580 2972 -612 -852 -371
1 224 -16740 2852 -513 -532 -369
1 180 -16716 2852 406 -380 -302
1 188 -16196 2476 34 115 -743
1 568 -15532 2112 338 -47 -1473
1 1628 -16276 912 630 -166 -1733
1 1444 -17376 -1612 2678 669 -1838
1 372 -19540 -5860 5470 897 -2894
1 -3424 -20424 -11432 10497 3511 -6004
1 -5488 -18492 -16208 18007 8106 -9561
1 -7084 -15920 -21828 10956 16472 -17375
1 -10272 -18844 -27660 -5382 29069 -24989
1 -7640 -15476 -32768 -20846 32767 -28487
1 -11984 -21600 -32768 -14024 32767 -23404
1 -18128 -19996 -26964 4975 32767 -18616
1 -18768 -15496 -18316 2313 32767 -15964
1 -20208 -14280 -10360 2447 32767 -13902
1 -24712 -16612 -888 1969 32767 -12960
1 -26188 -18312 5056 2048 32767 -11904
1 -27552 -17296 10600 9856 32767 -13864
1 -29352 -16416 15948 1399 32767 -16605
1 -31256 -17284 22656 7693 32767 -18057
1 -32768 -12284 32767 11687 32767 -17338
1 -32768 32767 32767 20405 32767 -9373
1 -27228 -22536 30232 -17087 -32768 4353
1 3868 -22920 2576 -32768 -11365 -4295
1 -1960 -24572 -5628 32767 -2210 303
1 11344 -9492 -6920 2226 -16644 5634
1 6544 -10876 2620 -2928 -475 -214
1 -8864 -7652 21760 -3106 -4562 -764
1 1184 -15656 8952 -13874 -9682 -41
1 2016 -15464 5824 9335 -743 1783
1 1756 -13936 7580 2349 -2437 3665
1 1368 -12864 8980 1849 -425 2972
1 584 -14480 7608 -2187 -687 1701
1 820 -15200 6896 998 161 721
1 300 -14660 7852 416 -296 344
1 284 -13440 7772 1848 280 -381
1 424 -13348 7092 -1163 -138 -909
1 -20 -13556 7216 -1503 -73 -1316
1 -368 -13300 6912 -2794 -1513 -1092
1 -908 -14916 6712 -2415 -1674 -1113
1 -132 -14840 7388 -2189 -444 -1289
1 104 -15404 7240 -943 -1149 -803
1 460 -15468 7268 -1107 -1762 -403
1 576 -15436 7432 107 -1265 -653
1 544 -14864 7516 -677 -1551 -585
1 528 -14752 7116 -15 -1095 -569
1 228 -15004 7108 438 -1525 -226
1 240 -14624 6716 378 -1687 -239
1 -12 -15120 6696 -58 -1756 -84
1 -172 -14632 6868 729 -1902 107
1 -40 -13972 6876 78 -1713 142
1 -8 -14312 7024 -1041 -1779 -18
1 364 -14668 7008 -736 -1721 -70
1 704 -15192 6604 -955 -1916 215
1 468 -15228 7300 -415 -1156 -26
1 628 -15200 7316 -319 -773 74
1 492 -15460 7364 474 -1050 236
1 720 -14800 7136 1017 -1102 224
1 616 -14116 7296 270 -865 -75
1 840 -13816 6740 -159 -484 -314
1 580 -14928 7072 -992 -184 -271
1 328 -15308 7168 775 -132 -201
1 312 -14948 7324 -166 -559 -286
1 308 -14644 7428 393 -363 -315
1 448 -14524 6876 -71 -731 -209
1 200 -14916 6892 -113 -762 -214
1 144 -14864 7244 -5 -925 -194
1 248 -14552 7156 -183 -951 -192
1 312 -14416 6908 -45 -1026 -146
1 504 -14472 6896 -383 -802 -148

1 -520 -16532 2612 470 -1252 632
1 -548 -16692 2704 101 -1442 569
1 -484 -16688 2556 460 -1471 408
1 -376 -16912 2332 -288 -1493 315
1 -400 -17236 1652 265 -1259 104
1 -40 -16448 1040 634 -1123 -444
1 252 -16140 1000 -1212 -390 -597
1 16 -16996 1404 -1041 306 -446
1 -204 -17840 1888 410 421 -379
1 -64 -17724 1508 1326 238 -832
1 404 -16960 788 1193 649 -1644
1 512 -16076 580 598 1579 -2143
1 296 -16148 916 -310 2392 -2263
1 68 -16692 1032 526 2875 -2204
1 180 -16716 892 1620 3153 -2406
1 428 -16648 208 1094 3694 -2953
1 544 -16276 -84 638 4863 -3946
1 436 -15596 192 561 6106 -4529
1 -340 -14892 1256 733 6803 -4311
1 -508 -15084 1188 -433 6555 -3986
1 -120 -15832 308 -345 6762 -3812
1 120 -16424 -344 -220 7980 -3926
1 -104 -16572 -348 414 9165 -4051
1 -512 -16432 -196 820 10200 -4126
1 -932 -16380 -276 -780 10529 -4510
1 -816 -16680 -1052 -3082 10577 -5615
1 -1048 -16704 -2888 -3471 11997 -6357
1 -1664 -16648 -4672 -2813 14089 -6504
1 -2256 -16356 -5804 -964 16440 -6269
1 -2432 -15940 -6008 381 18932 -5290
1 -3476 -15728 -5256 1471 21787 -3966
1 -4268 -15684 -3912 3003 22565 -3595
1 -4864 -15404 -2120 3451 22872 -4319
1 -5032 -15236 -1508 -212 22951 -5940
1 -3800 -15276 -352 -3945 22486 -6756
1 -4392 -15384 400 -2861 23871 -6479
1 -5132 -17560 1840 -3340 23404 -6968
1 -4432 -17904 2184 -325 22271 -8899
1 -2560 -17644 3640 -1967 22326 -9094
1 -2132 -18368 4300 -2525 22419 -7766
1 -2816 -18996 5936 2768 23648 -6027
1 -3020 -19264 8260 2962 22319 -6197
1 -2400 -18476 8808 3521 21297 -6543
1 -2064 -17836 9696 3731 20544 -6635
1 -1868 -16996 10420 3078 20112 -6213
1 -2580 -17484 11204 5308 18770 -6766
1 -2756 -15740 10928 9778 17225 -7229
1 -2540 -13128 10948 13600 15882 -6834
1 -2156 -10376 10320 11868 13510 -6664
1 -968 -10536 8968 2838 10720 -6928
1 -176 -12104 8636 2757 10584 -6763
1 344 -11824 7992 8604 10994 -4814
1 500 -10296 6372 13776 11811 -2233
1 220 -10380 8508 10247 12113 -1651
1 -28 -12152 9104 982 12018 -1568
1 -420 -13840 10272 5900 11097 -1195
1 -740 -12624 11972 9011 10439 241
1 -2896 -10916 15608 7215 9263 1376
1 -10936 -10256 30732 3802 1826 305
1 -4412 -13064 16576 -8301 -14672 -1613
1 2052 -15252 6560 1426 -4766 -1252
1 1544 -13448 7068 7393 -1910 219
1 1164 -12432 8836 -319 -3258 790
1 448 -12336 9908 -1667 -3563 -719
1 512 -12372 9840 -2575 -4103 -1105
1 1020 -12308 8852 -245 -2936 -445
1 812 -11592 9592 -1411 -2033 -308
1 940 -12076 9604 -3712 -1924 -551
1 1520 -14008 9324 -3836 -840 -495
1 1532 -15548 9004 -2852 -1649 -203
1 1620 -15048 8832 -109 -1384 -245
1 1156 -13944 9236 -1125 -983 -466
1 972 -13840 9444 -521 -755 -216
1 1156 -13708 8724 20 -599 11
1 1364 -13780 8108 -563 -751 -13

1 192 -16088 2672 49 -1389 227
1 236 -16172 2268 -36 -1175 -23
1 164 -15852 2396 116 -643 -103
1 88 -15988 2492 -306 -283 -158
1 -240 -15680 2564 107 82 -359
1 -292 -15524 2928 -1235 -213 -678
1 16 -15816 2608 -1122 -263 -667
1 236 -16460 1984 -1153 -72 -677
1 456 -16380 1784 -819 656 -1046
1 136 -16276 2028 -735 1136 -1105
1 296 -16468 1956 -397 1462 -1071
1 372 -16440 1788 -362 1834 -1336
1 420 -17144 1304 -1164 2210 -1731
1 484 -17788 440 -819 2806 -2310
1 776 -18148 -1292 -1356 3556 -3369
1 1132 -18592 -2568 -2303 5838 -5148
1 728 -18052 -2624 -1359 9186 -7171
1 -196 -16704 -1452 -1081 11678 -8747
1 -1384 -15544 204 -1776 12681 -9234
1 -1696 -15428 912 -2372 12137 -8746
1 -1116 -15760 520 -1759 11798 -7856
1 -888 -16008 -372 -1938 11773 -6786
1 -1020 -16924 -1312 -1360 12682 -6663
1 -760 -17256 -2244 -647 14241 -6729
1 -276 -17196 -2016 1221 16413 -6131
1 -1420 -17572 -1544 3634 18275 -5739
1 -1864 -16552 -1048 2838 18966 -6949
1 -2012 -15832 -892 838 19211 -8068
1 -1336 -15932 -672 -2469 19618 -8300
1 -1096 -16132 -508 -837 20958 -7762
1 -1688 -15544 896 1765 21854 -7068
1 -1588 -14696 2024 1852 21259 -6949
1 -1496 -14840 3380 278 21234 -6544
1 -1136 -15844 4212 1227 21055 -5308
1 -2272 -14896 5792 5180 19976 -4676
1 -2124 -15016 6912 4841 18267 -4682
1 -1016 -14696 7720 4038 16922 -5798
1 -804 -13668 7732 3091 17717 -5688
1 -1036 -14340 8596 1119 17464 -5754
1 -1788 -16184 9784 -1252 16667 -6396
1 -1572 -16420 9820 2918 15256 -5965
1 -1080 -15756 9512 6885 14911 -4625
1 -1220 -14312 9880 7676 14309 -4352
1 -1080 -13864 9388 4581 12650 -5317
1 -416 -13700 8844 1485 10957 -6681
1 408 -13356 8116 902 10468 -6796
1 472 -13236 8188 1648 10819 -5897
1 44 -12968 8508 3171 11227 -5023
1 -240 -11932 9020 1430 10742 -5261
1 -180 -12476 10128 -3723 9738 -6381
1 -312 -13716 10660 -2778 8968 -6609
1 -32 -13136 10940 873 8712 -4769
1 220 -13480 10032 205 7323 -2804
1 792 -12108 9324 1753 7487 -2411
1 804 -11128 9456 -2283 7649 -3049
1 592 -12416 9292 -8332 7598 -3345
1 364 -14336 9196 -8426 7145 -3503
1 -3724 -15436 16476 -6899 6081 -2767
1 -9600 -14600 27192 -723 -4322 -2605
1 -16 -13712 12180 -4651 -10185 -864
1 2096 -16000 4872 -1489 -4330 -922
1 3084 -17720 2760 918 -3987 -263
1 3420 -17036 4164 3503 -3250 -431
1 1280 -12804 9676 5869 -1892 -821
1 1140 -11696 9500 -1722 -3173 -966
1 1960 -14184 6436 -1441 -1901 -881
1 2268 -15816 5908 -630 -1810 -407
1 1828 -15468 6708 1694 -1159 -89
1 1320 -14300 7604 37 -1154 50
1 1888 -13552 7524 -855 -567 -177
1 1844 -14424 7088 -1782 -573 185
1 1624 -15764 7180 -1055 -429 246
1 1696 -15544 6880 880 -925 143
1 1584 -14604 7032 168 -1228 230
1 1752 -13968 6948 -240 -1341 -18

1 780 -15908 1608 161 -601 -95
1 520 -16140 1512 -42 -576 -133
1 452 -16196 1264 41 -455 -121
1 560 -16552 1420 -122 -294 -178
1 488 -16924 1592 45 -226 -493
1 484 -16488 1680 60 -148 -849
1 568 -16208 1532 -632 -136 -844
1 680 -16396 1780 -1 252 -735
1 420 -16132 2252 537 354 -567
1 284 -16048 2220 102 -11 -574
1 384 -15952 2288 178 -80 -604
1 464 -15856 2296 -158 -163 -447
1 428 -16084 2304 185 -200 -129
1 292 -16332 2524 521 -231 31
1 180 -16116 2316 685 -369 -5
1 320 -16144 2456 -565 -655 -254
1 532 -16376 2316 -468 -638 -420
1 504 -16252 2368 -44 -461 -292
1 364 -16200 2276 308 -835 46
1 504 -16240 2044 609 -796 128
1 592 -16796 1076 311 -1007 67
1 1280 -17092 128 865 -261 -85
1 1388 -17660 -656 402 671 -612
1 1432 -18160 -700 1227 2004 -1345
1 1196 -18256 -792 1235 3041 -2320
1 1116 -18276 -1204 695 3995 -3492
1 1368 -18156 -3076 939 5103 -4694
1 1848 -17420 -3696 1492 7477 -6006
1 1196 -16252 -2860 1200 10150 -7013
1 192 -15904 -1756 358 11346 -7262
1 -360 -16268 -1848 286 11613 -7392
1 -108 -16296 -2872 1452 12810 -7967
1 304 -15824 -3420 913 14402 -8288
1 -320 -15416 -3484 1813 16931 -7988
1 -1032 -15044 -3492 1650 18585 -7442
1 -1400 -15204 -3168 1364 20097 -7620
1 -1460 -14608 -2220 1393 21849 -7725
1 -1820 -14484 -792 -507 22768 -7549
1 -2100 -15124 996 -1226 23210 -6792
1 -1884 -16304 1544 69 22533 -6235
1 -2332 -15844 2476 2728 22692 -5614
1 -1952 -14544 3332 1448 22086 -5280
1 -1748 -15128 4596 -1483 22128 -5566
1 -2088 -16380 5720 -2190 21944 -5583
1 -2476 -15992 6708 -446 19058 -5274
1 -2244 -17028 6576 604 18973 -5194
1 -1812 -15668 7068 3413 18510 -4459
1 -1724 -15632 7688 2940 17893 -3762
1 -2544 -16208 7888 3596 17489 -3632
1 -1820 -15544 8028 5401 15593 -4076
1 -1400 -13712 8216 3716 15250 -4712
1 -1460 -14104 8688 1374 15048 -4927
1 -1480 -14152 9020 2067 14801 -3831
1 -1624 -14408 9204 1673 13981 -3834
1 -1820 -14344 9236 178 12953 -4240
1 -1136 -14464 9768 -1062 11550 -4996
1 -1184 -14880 9408 -214 11055 -4951
1 -636 -13572 8812 4722 11329 -3644
1 -1128 -12980 9096 3036 11380 -2648
1 -1096 -13500 9200 750 9848 -3245
1 -504 -12844 8620 573 8383 -4835
1 -164 -12788 7904 -3783 7663 -5997
1 428 -13536 6464 -5239 7931 -5772
1 456 -14152 5424 -3403 7903 -4541
1 704 -15156 5536 -2288 8890 -3518
1 84 -15968 5192 1055 10853 -3306
1 -308 -16308 6588 5650 11811 -1957
1 -9312 -13804 26400 14549 7713 1168
1 -10740 -10952 28712 11086 -9589 455
1 2156 -13328 12668 -13456 -9402 303
1 624 -17944 7508 -539 -4830 591
1 1656 -14812 7228 13124 -4993 395
1 1716 -10844 8364 -1106 -5126 -308
1 820 -11520 8344 -4231 -3768 -2051
1 840 -13696 7568 -6446 -3495 -2050

1 436 -16376 3336 480 -240 -69
1 356 -16072 3180 190 -303 -289
1 440 -16112 3084 67 -388 -335
1 392 -15996 3244 313 -385 -389
1 260 -15960 3188 196 -372 -261
1 352 -16140 2992 174 -296 -445
1 520 -15920 2928 -159 -71 -559
1 380 -16168 3028 -17 155 -584
1 420 -15924 3436 581 343 -396
1 364 -16040 3520 336 144 -399
1 536 -16272 3272 408 212 -529
1 716 -16412 2992 593 529 -686
1 828 -16472 2484 1066 1085 -873
1 824 -16620 1928 615 1397 -1171
1 1040 -16704 1376 326 1906 -1869
1 1284 -16748 436 248 2924 -2578
1 1412 -17068 -128 161 4499 -3402
1 1080 -17132 -168 210 6040 -4377
1 660 -16884 -264 -228 6754 -5543
1 812 -16344 -764 -1023 7545 -6504
1 836 -16920 -1544 -1462 8974 -7248
1 668 -16452 -1556 155 10335 -7315
1 252 -16384 -1916 -423 11434 -7371
1 16 -16380 -2876 -1382 12948 -7969
1 -344 -16976 -3952 -2165 15033 -8495
1 -724 -17140 -4960 -136 17008 -8398
1 -1136 -16996 -5412 178 19127 -8011
1 -1428 -17012 -5396 -587 21395 -7875
1 -1848 -18380 -4904 -2361 23705 -8611
1 -2108 -18252 -4012 -1383 26518 -9513
1 -2964 -18964 -1208 -777 28645 -9640
1 -3684 -20764 76 6325 28738 -7809
1 -3224 -18412 1400 13484 29800 -6428
1 -4104 -16772 3416 10910 31278 -8707
1 -5080 -15684 5924 3386 29357 -11816
1 -5516 -15552 7388 1502 28003 -14502
1 -5788 -14524 8580 51 27202 -14833
1 -4532 -13580 10040 -978 24281 -14444
1 -4300 -13224 9688 -197 22234 -12710
1 -3508 -13208 9248 164 21349 -11182
1 -3584 -11672 10528 -1315 20568 -11411
1 -4240 -9444 12284 -2242 20538 -12359
1 -4988 -8508 13552 -5146 17293 -10783
1 -4844 -9540 13788 -4964 12764 -7818
1 -3080 -11088 12316 -3670 9808 -4898
1 -1796 -12300 11068 -637 7643 -2858
1 -1044 -12384 10276 -41 5265 -853
1 256 -14860 8716 -366 3762 931
1 1128 -17440 8220 2686 4188 2241
1 1212 -15584 9696 7202 7166 1250
1 292 -15048 11596 5115 4714 -379
1 -368 -14296 13364 5555 5053 -1006
1 -10120 -11100 30920 1721 1044 -3550
1 -4396 -9060 19232 -7010 -16804 -3098
1 3800 -16916 3584 -287 -6066 -1301
1 2844 -12140 4892 1404 -5031 -1740
1 1976 -13952 7420 -1797 -4203 -2592
1 892 -13144 9700 -2772 -5023 -2773
1 2396 -14656 7936 -3908 -4338 -2522
1 2828 -14848 7220 -1555 -2713 -1860
1 2860 -14644 7684 -1427 -1936 -1099
1 2712 -14936 7692 -1614 -1656 -552
1 2860 -14828 7456 -1336 -1447 -312
1 2660 -14880 7400 -648 -594 93
1 2608 -14184 7300 -446 -433 112
1 2776 -13600 7428 -1389 -151 -222
1 2688 -14532 7132 -1088 -877 -95
1 2884 -14620 7196 -504 -599 -214
1 2808 -14260 7168 -330 -561 -354
1 2820 -14980 6948 -649 -649 -442
1 2832 -14768 7248 -136 -773 -493
1 2652 -14208 7152 96 -758 -651
1 2484 -14200 7260 -397 -574 -626
1 2404 -14836 6872 -445 -1114 -415
1 2728 -14272 7036 90 -1169 -441

1 1008 -16356 1180 -167 -1141 -949
1 996 -16068 944 -314 -1034 -1471
1 1056 -15656 840 -1189 -823 -1642
1 820 -15824 884 -997 -156 -1259
1 592 -15768 1268 717 -49 -776
1 504 -15640 1676 -477 48 -782
1 528 -15860 1672 -1263 75 -910
1 608 -16484 2060 -643 171 -734
1 504 -16836 2244 5 111 -366
1 468 -16684 2280 841 109 -434
1 308 -16800 2460 241 -224 -474
1 364 -17044 2276 -64 -287 -608
1 488 -16864 2048 999 -253 -643
1 524 -16700 2280 211 -495 -931
1 556 -16544 2332 49 -514 -1161
1 640 -16120 2556 415 -642 -1133
1 636 -15680 2480 329 -1158 -888
1 1232 -15532 2072 247 -1616 -519
1 1784 -15832 1740 298 -1269 -60
1 1716 -16304 2016 409 -1023 -221
1 1360 -16864 3684 -246 -2720 -1285
1 1912 -16624 4900 387 -6813 -2420
1 5676 -18360 2460 3852 -8552 -4898
1 2244 -15640 -2756 5283 -3336 -6574
1 1292 -14736 1508 6289 -1258 -2996
1 3716 -19068 5360 1625 -2743 -1303
1 4440 -20960 -1928 6064 32536 -7561
1 2148 -12444 -9068 15648 32767 -9290
1 3932 -14760 -1740 745 14490 -4848
1 2724 -17544 -3264 -4793 20878 -5564
1 904 -17268 -3928 81 19261 -6602
1 1048 -16816 -5768 -2491 16209 -8702
1 576 -17388 -6324 -3653 13784 -11675
1 -740 -16792 -7724 -3314 15147 -13435
1 -1288 -17376 -11944 -4219 16467 -13354
1 804 -16880 -15544 -2405 21510 -12184
1 -1080 -16688 -14464 -417 29531 -11732
1 -4600 -16396 -11320 -3137 32767 -11658
1 -6640 -15304 -6960 -4234 32767 -11254
1 -7508 -14440 -3496 -5885 32767 -10205
1 -6688 -15636 -1240 -8460 32767 -9188
1 -4972 -18176 336 -7512 32767 -7024
1 -6124 -18708 3836 -2942 32767 -5036
1 -8496 -18636 6740 3149 32767 -3297
1 -9176 -19604 9108 2262 32767 -4538
1 -8476 -18096 10764 2680 32767 -7095
1 -10176 -16316 12808 1530 32767 -9009
1 -10932 -14884 13072 2647 30148 -8394
1 -9972 -12884 13536 399 26476 -8234
1 -9872 -13748 13560 -1976 22102 -8567
1 -9280 -15836 13376 682 19561 -5907
1 -9112 -16164 14688 9013 17693 -2182
1 -12648 -11364 20964 12004 14224 -2385
1 -32768 1632 32767 16800 -14642 990
1 2748 -10952 11104 -19229 -15891 781
1 2544 -17956 3044 7010 -8303 1578
1 7548 -15400 -540 2513 -7709 3035
1 6708 -15356 1376 3840 -600 1558
1 -736 -14324 11436 -1109 200 -1829
1 -3536 -12488 15188 -2555 -3365 -2114
1 184 -13804 8696 -2110 -4459 -1101
1 2244 -15240 5264 -703 -2701 67
1 2088 -15864 6452 1452 -134 674
1 468 -14744 8960 1465 278 345
1 584 -13432 8972 53 -211 -299
1 1016 -13660 7880 -328 -31 -146
1 1136 -14472 7148 -111 -131 87
1 736 -15192 7388 -287 -497 34
1 528 -14748 7924 958 3 172
1 204 -13628 8344 437 -210 117
1 300 -12636 7908 -447 -477 -243
1 532 -13424 7448 -2081 -539 -618
1 356 -15260 7708 -1660 -729 -335
1 372 -15740 7812 18 -903 -150
1 572 -14556 7736 53 -1132 -224

1 -784 -15844 4288 -248 -612 -380
1 -764 -16080 4040 -396 -839 -452
1 -324 -16100 3224 -574 -376 -689
1 196 -16132 2072 -472 92 -886
1 808 -17880 1452 -1020 1397 -1509
1 892 -20604 2392 -1573 968 -2731
1 -1004 -22500 628 4480 -263 -7633
1 -2448 -19264 -3564 12173 1881 -12054
1 -1448 -12416 -5168 6285 1855 -14091
1 580 -9312 -6668 -7905 5810 -13488
1 -1180 -13164 -6876 -11723 15979 -13467
1 -2316 -16012 -13652 -3493 19759 -10770
1 -1344 -16792 -21400 -1578 25556 -9237
1 -3412 -16792 -28228 -2023 32767 -9625
1 -6392 -13520 -29304 87 32767 -9538
1 -10008 -13576 -25876 -5718 32767 -9109
1 -13460 -18548 -19080 -10339 32767 -6081
1 -15720 -21072 -10712 -2464 32767 -4349
1 -21688 -19980 -2440 101 32767 -5451
1 -22820 -19816 4744 -1405 32767 -7037
1 -24356 -19488 9092 2877 32767 -7559
1 -25200 -21176 15908 -1574 32767 -9454
1 -24888 -21840 19840 7499 32767 -9902
1 -24648 -17948 24308 14666 32767 -10391
1 -23888 -10496 26960 17899 30785 -11379
1 -21152 -8928 28108 13767 24380 -9099
1 -32768 15100 32767 23264 10462 -1366
1 -10704 -8344 20288 -2761 -32768 7093
1 4880 -18180 -320 1505 -10683 3385
1 3164 -18872 -364 9990 -5211 2234
1 3240 -15256 3696 7829 -5877 2789
1 -2128 -10632 14128 -423 -7868 162
1 16 -11624 10748 -3785 -7976 -958
1 608 -13288 7364 -1125 -3292 -185
1 124 -16360 7064 622 -3293 1303
1 272 -15084 8064 2661 -2574 808
1 -584 -14384 8216 -316 -2087 97
1 -236 -14676 7080 1254 -1924 146
1 236 -13204 7296 1270 -774 -29
1 -328 -12748 8136 -1293 -3 -862
1 -764 -15608 7940 -2436 -267 -1013
1 -692 -15616 7852 505 -1091 -276
1 -452 -14220 7588 614 -1213 1
1 -492 -13392 7208 526 -770 39
1 -424 -13344 7608 -1605 -611 -395
1 -736 -15252 7476 -1585 -811 -315
1 -724 -15484 7572 505 -1233 -169
1 -520 -14820 7436 49 -1644 -2
1 -528 -14116 7552 50 -1305 163
1 -612 -13664 7424 -909 -1072 137
1 -572 -14344 7380 -1289 -855 -19
1 -684 -14928 7340 -1035 -1246 50
1 -440 -15024 7364 -756 -1413 -188
1 -432 -14756 7584 -515 -1024 18
1 -300 -14808 7528 -173 -1062 137
1 -520 -14436 7496 -221 -1049 48
1 -540 -14216 7108 -711 -1121 115
1 -764 -15068 7140 -455 -1265 383
1 -608 -15108 7500 360 -785 616
1 -648 -14816 7652 995 -735 760
1 -556 -14312 7432 741 -859 479
1 -492 -13680 7448 332 -981 -67
1 -556 -13908 7448 -1270 -1083 -271
1 -416 -14488 7260 -1111 -762 -386
1 -648 -15320 7024 -550 -944 -190
1 -464 -14888 7240 398 -807 -332
1 -564 -14488 7408 -489 -851 -312
1 -564 -14576 7448 -166 -671 -254
1 -520 -14432 7116 -433 -923 -358
1 -568 -14612 7080 -583 -886 -287
1 -740 -14516 7124 -696 -1007 -357
1 -748 -14732 7244 -978 -1103 -182
1 -652 -15172 7172 -519 -1130 21
1 -596 -15268 7204 -7 -1177 213
1 -520 -14628 7320 603 -997 167

1 592 -16772 1340 121 -495 -224
1 800 -16524 1172 729 -592 -268
1 788 -16264 1256 575 -498 -207
1 884 -16324 960 317 -390 -78
1 648 -16440 728 716 -254 -41
1 832 -16576 400 626 139 -166
1 1080 -16400 620 -183 377 -322
1 1056 -15824 1476 -663 703 -268
1 1148 -15772 2284 -562 -172 142
1 936 -16588 2188 -285 -1214 535
1 1612 -16688 1296 2893 -2255 739
1 1972 -16724 408 3907 -2651 -101
1 1632 -17220 -340 2218 -2174 -1637
1 1128 -17800 -1616 2358 64 -2793
1 812 -17924 -1896 3126 1844 -3745
1 368 -17640 -2360 2319 4938 -4830
1 404 -16916 -3440 1566 6698 -5762
1 516 -13356 -6536 1024 9161 -5050
1 1300 -15756 -3928 -2547 9848 -6848
1 -252 -17292 -4880 -4212 12960 -7915
1 -1564 -16892 -5472 218 14439 -7977
1 -1612 -15532 -6712 1317 14254 -7915
1 -1172 -13568 -7580 366 17130 -8287
1 -884 -14252 -7740 -4035 19487 -7543
1 -1952 -15476 -6040 -3557 23531 -6934
1 -2504 -14832 -3580 -2384 24984 -6657
1 -2240 -14800 -184 -5172 25201 -6563
1 -2048 -15044 2272 -5908 24353 -5944
1 -1424 -15892 3712 -5796 22680 -4728
1 -1032 -16096 4132 -3483 21966 -3251
1 -1448 -16476 5076 -2357 21231 -2267
1 -1372 -16780 6480 -628 20726 -2406
1 -2224 -15456 8016 -575 16670 -3341
1 -1164 -14368 7616 -2051 14828 -2955
1 -1132 -15320 6552 -5860 13206 -1856
1 -1064 -17100 5228 -4647 12664 -318
1 -1084 -18856 4404 -2236 11789 486
1 -632 -18312 3636 986 11947 111
1 -344 -17736 4016 -1482 11843 -663
1 -1088 -18036 3596 -2742 11483 -1532
1 -224 -18424 3472 -3062 10662 -1661
1 -224 -18356 3112 -158 10723 -1567
1 -192 -17896 2744 1340 9496 -1709
1 1796 -17568 2804 287 9679 -1959
1 1336 -18352 3652 856 11303 -2474
1 740 -17744 4972 3422 11276 -3162
1 288 -16336 5728 3051 10299 -3471
1 -88 -15776 5496 2574 8375 -3731
1 1368 -14552 4992 929 7598 -4183
1 1368 -15552 4392 193 7763 -3580
1 584 -17088 4328 6821 8495 -959
1 768 -15220 5160 15864 9313 1131
1 -256 -13468 7984 12930 8779 290
1 64 -13856 9488 8512 7578 -1066
1 -2176 -14204 13164 9402 5363 -105
1 -4688 -11308 25100 14699 -1380 1727
1 -3184 -6192 21852 4907 -9338 2841
1 2884 -12376 8076 -14777 -15779 3862
1 6228 -17520 -396 -11283 -8326 1361
1 5564 -19976 384 -1336 593 -1319
1 324 -15696 7584 5868 3021 -2209
1 -656 -12416 10676 1115 -246 -1601
1 1640 -14384 6572 -5329 -1951 -471
1 2440 -16872 4540 -2888 -95 187
1 1772 -17768 5752 -301 1013 737
1 1532 -16380 7088 3799 1062 869
1 1976 -14284 6924 2704 449 709
1 2152 -13996 6132 1266 426 766
1 1600 -13976 5960 -133 79 714
1 1232 -14236 6336 -258 -65 374
1 1344 -14784 5824 -1386 -72 1
1 1204 -15468 5716 166 -104 8
1 1076 -15280 6316 254 -472 -22
1 1024 -14752 6832 157 -653 -274
1 932 -14532 6632 -782 -971 -351

1 832 -14828 2936 80 -590 -259
1 1360 -15328 2352 -16 -83 202
1 1520 -16624 1780 1094 869 438
1 1804 -17392 1112 1957 2518 303
1 1652 -18320 1288 4085 4253 187
1 952 -19124 2320 7523 4440 81
1 1260 -19000 2136 9103 4411 -627
1 1504 -19048 2356 8433 6153 -2919
1 1252 -18092 2048 7366 7491 -4947
1 1440 -17144 1996 4812 8386 -6047
1 1120 -17248 1100 4010 9078 -6689
1 1900 -16140 312 2780 9664 -6991
1 2436 -16488 -684 1383 11269 -8197
1 1164 -14672 -868 976 13648 -9050
1 -332 -14780 -2268 -1959 14194 -10018
1 -948 -15248 -4736 -4756 14275 -12210
1 -308 -15388 -7056 -6047 16665 -13622
1 -824 -15260 -7740 -5926 21483 -13610
1 -3992 -15736 -6092 -4600 25256 -12724
1 -6256 -16656 -4840 -4367 26384 -12049
1 -6452 -14484 -3852 -5340 27451 -13897
1 -5792 -12504 -2936 -11995 26318 -13682
1 -4264 -11852 -1688 -12603 27187 -11418
1 -4696 -13852 -592 -14264 27844 -9292
1 -4508 -15056 -644 -13631 27088 -7560
1 -3616 -16260 0 -12362 27234 -5601
1 -4012 -16404 792 -12297 27140 -4777
1 -4036 -19868 1168 -14507 26813 -4730
1 -2356 -22848 2952 -12444 28133 -4488
1 -4420 -24348 6732 -8481 28441 -5111
1 -6096 -23328 10444 -6202 27667 -6011
1 -7448 -23104 11048 -3767 23317 -4046
1 -3856 -20284 8508 3125 19788 -1026
1 -4852 -17948 11096 -1233 20005 -4601
1 -6268 -17588 13088 -4652 18533 -7076
1 -6260 -19016 13400 -1762 13414 -4971
1 -4888 -18088 14496 2171 10045 -2936
1 -4284 -16848 14484 2851 6378 -2236
1 -2196 -16908 11324 3820 1705 161
1 -160 -16792 8228 6365 -847 1196
1 976 -14436 7516 1578 -1032 -1363
1 836 -14484 5896 -1623 -1220 -2485
1 3888 -16908 496 2082 -4270 646
1 7768 -16328 -2936 5786 -1075 2838
1 6060 -14348 -560 2541 5562 -447
1 2340 -12540 3336 -4360 7482 -3453
1 -220 -15080 5344 -5486 4838 -4238
1 804 -14976 4872 -1611 2083 -1968
1 1076 -14676 5424 160 1523 -901
1 -316 -14040 7788 -1480 1824 -1455
1 -2040 -14604 9968 -1061 39 -1741
1 -2140 -14336 9388 -1848 -3739 -1094
1 128 -16456 5860 -1909 -7309 -109
1 2248 -16944 2728 -1958 -7604 264
1 3732 -18516 452 -1826 -6110 239
1 4812 -17952 -252 -791 -3975 -329
1 4540 -16904 16 -1463 -1879 -700
1 4092 -17172 632 -1845 -931 -769
1 3428 -16928 1856 -351 -87 -191
1 2884 -16104 3076 -47 389 -155
1 2420 -15192 3612 -1078 221 -263
1 2196 -15328 3792 -1910 178 -470
1 2024 -16004 3872 -1951 -659 -658
1 2412 -16328 3052 -860 -1553 -297
1 3020 -16112 2088 1 -1640 -83
1 3224 -16212 1488 159 -1169 -1
1 3384 -15872 1416 -44 -564 -416
1 3104 -15844 2036 -1252 -120 -961
1 2732 -15924 2604 -1543 -214 -1225
1 2416 -16008 3008 -953 -630 -919
1 2580 -15856 2756 -692 -997 -749
1 2976 -16212 2260 -315 -1065 -458
1 3124 -15980 2140 494 -533 -264
1 3156 -15648 2048 293 -332 -544
1 2760 -15440 2320 -973 -471 -1306

1 1852 -16356 2608 -279 929 -331
1 1888 -16416 1924 -232 1735 -330
1 3284 -16464 -268 -1501 2345 -266
1 5188 -17888 -3164 -3839 5829 -1271
1 2544 -23056 -3096 -493 9619 -4403
1 2096 -19120 -3332 3296 11842 -6992
1 1688 -16464 -2220 3196 13896 -9414
1 8 -12560 628 2615 16737 -10920
1 -948 -10920 3320 -444 15369 -9577
1 -692 -13800 3704 -1805 12483 -7174
1 1352 -14956 1776 -1420 11642 -5853
1 2032 -16180 -400 -3157 13540 -6174
1 1676 -16900 -3192 -3392 15455 -6198
1 1332 -17176 -6064 -3058 17496 -5824
1 808 -16284 -9304 -3861 20908 -5837
1 324 -15728 -11888 -5874 24645 -6941
1 -160 -15096 -13268 -6705 29186 -7490
1 -1968 -14596 -12832 -6867 32767 -6871
1 -3156 -13856 -10896 -8732 32767 -6696
1 -5568 -15760 -7524 -11565 32767 -6808
1 -7328 -16164 -4940 -9109 32767 -6347
1 -8092 -14820 -2688 -11524 32767 -4799
1 -8444 -17504 -1376 -11572 32767 -3251
1 -9048 -18720 340 -12117 32767 -3062
1 -8844 -20620 3976 -12364 32767 -2988
1 -10128 -22028 7368 -9638 31739 -2384
1 -11012 -24684 11420 -7545 28103 -1800
1 -12008 -26668 15004 -3855 24734 -1311
1 -13456 -28432 18264 1974 20840 -1053
1 -14856 -27140 20488 6921 15109 -1725
1 -13196 -21764 19460 9421 6361 -3164
1 -9396 -16612 14916 5916 -1289 -4999
1 -5280 -14772 9064 928 -5705 -7079
1 -280 -14636 3496 669 -6752 -5634
1 1848 -14476 1376 5446 -3977 -1052
1 1612 -12660 1928 9306 -1881 3509
1 1248 -11204 2276 7602 -2390 4196
1 1972 -13132 1856 1466 -3436 1250
1 3124 -14448 1132 -1681 -2562 -696
1 3012 -16172 1004 -1264 -1119 -782
1 2676 -15660 1608 349 -337 261
1 2184 -15496 2040 -660 66 120
1 2264 -14844 2336 -1943 411 -912
1 1896 -15560 2556 -2590 1000 -771
1 1072 -16396 3140 -2366 957 -470
1 1336 -16352 2792 -2487 164 -997
1 1612 -16836 2420 -3226 507 -1678
1 1832 -16776 2116 -2825 690 -1786
1 1424 -16116 2372 -1452 1431 -1182
1 740 -15140 2400 -2374 744 -1336
1 1436 -16328 864 -3673 -753 -2127
1 3108 -16784 -440 -3321 -150 -2394
1 2504 -17512 860 -2129 1839 -2289
1 980 -17576 3372 46 2845 -1186
1 -920 -17640 6092 1336 2656 -441
1 -1968 -16728 7548 1437 -186 -1190
1 -1092 -16736 6884 -752 -3100 -2607
1 164 -16180 5148 -818 -4471 -2579
1 1192 -15904 3360 -241 -4862 -1693
1 2408 -15544 1580 803 -4649 -492
1 3176 -16028 284 1563 -3755 662
1 4160 -16016 -504 1287 -2812 870
1 4160 -16144 -316 73 -1089 228
1 3508 -16260 776 -342 -58 -38
1 2876 -16328 2028 8 483 209
1 2372 -16040 2856 268 556 228
1 1772 -16328 3068 78 41 20
1 1944 -16612 2564 -214 -366 -435
1 2076 -16372 2204 -454 -318 -1134
1 2024 -16036 2096 -340 -396 -1282
1 2276 -15616 1944 -207 -81 -922
1 1680 -15660 2140 131 91 -505
1 1832 -15352 2136 -274 -262 -785
1 1960 -15524 1936 -727 -454 -941
1 2240 -15512 1864 -451 -339 -444

1 616 -16096 2768 -750 -889 -250
1 536 -16432 2740 96 -722 -57
1 456 -16516 2848 106 -792 -379
1 424 -16544 2852 -152 -847 -928
1 416 -16124 2740 -51 -993 -1299
1 572 -15720 2200 -373 -1061 -1201
1 1052 -15820 1692 -973 -668 -1068
1 1268 -16284 1520 -929 196 -1020
1 1080 -16852 1516 573 932 -912
1 1044 -16800 1708 630 1521 -1517
1 1348 -16836 1368 -1636 1705 -2766
1 1368 -17064 1056 -2082 2498 -3236
1 1296 -16644 1464 580 3440 -2858
1 1292 -16144 1176 275 3473 -2929
1 1808 -16020 964 -755 3914 -3046
1 1880 -16124 1612 384 5026 -2553
1 1204 -16120 1896 2223 5459 -1605
1 1092 -15448 1828 2783 5360 -1750
1 1268 -15528 1696 -5 5595 -2965
1 1040 -16080 1904 -1783 5907 -3424
1 760 -16124 1452 599 6474 -3096
1 1064 -15860 624 596 6742 -3120
1 1488 -16276 -236 -2587 7937 -3759
1 1312 -16556 -668 -1897 9746 -4067
1 588 -15628 -104 -104 11496 -4037
1 36 -14756 444 -820 12114 -3680
1 160 -15060 340 -1459 12350 -3008
1 80 -15892 484 -18 13254 -2367
1 -660 -16684 980 -60 13612 -2905
1 -872 -16884 788 -310 13173 -3830
1 -340 -16292 604 1306 13383 -3933
1 -468 -16452 1356 1090 14581 -3768
1 -1020 -16796 1468 1420 14619 -4136
1 -644 -16388 1704 520 14776 -5055
1 -196 -16116 2124 -1869 14862 -5319
1 -8 -15600 3132 -526 15172 -4174
1 -60 -15392 3712 667 15347 -3013
1 -764 -16516 4104 -2795 15148 -3047
1 -724 -17768 3516 -2768 14404 -3536
1 140 -17000 3308 500 14647 -3309
1 -284 -16644 4676 -1427 14071 -3252
1 -548 -17628 4828 -2799 14369 -3416
1 -440 -17360 5008 1669 13707 -2436
1 -460 -16396 5980 5529 13331 -2466
1 -776 -17344 5840 1453 12648 -3567
1 -284 -17944 4560 3485 11661 -4028
1 -112 -15360 4608 10920 13017 -5742
1 -856 -13872 5600 2478 11348 -8822
1 -144 -14092 5236 -9744 10154 -9744
1 376 -15260 3892 -8254 9883 -8426
1 1048 -14588 4584 -1712 10560 -6988
1 572 -14764 6136 -4922 10824 -5589
1 192 -15624 7600 -4522 10428 -4265
1 -284 -14932 8784 1509 9571 -4004
1 -88 -13780 9556 -1573 8048 -4575
1 88 -14904 9628 -7656 6166 -4425
1 296 -15564 7448 -5237 5113 -3020
1 636 -15288 6632 1575 4724 -1742
1 888 -14880 6244 -998 3890 -1680
1 1044 -15140 6412 -3235 3440 -2126
1 1036 -16056 5460 -2909 2254 -2540
1 2100 -16156 3712 -2431 1423 -2679
1 2904 -15852 2836 -669 2611 -1666
1 2780 -16048 3032 1776 3547 -574
1 2740 -15460 4048 2575 4036 -719
1 2196 -15344 5112 -766 3901 -1860
1 2136 -16068 5564 -4221 3352 -1984
1 2180 -16248 5588 506 3239 -1175
1 1588 -15968 6396 1475 3043 -1436
1 1728 -15820 6008 -2377 1906 -1955
1 2164 -16076 4916 -377 1773 -2009
1 2488 -14988 3824 1846 2105 -1516
1 2536 -14156 3896 253 2463 -1323
1 2296 -14604 4676 -3152 2309 -1721
1 2248 -15508 4660 -2695 1905 -1679

1 2676 -15272 3900 619 -1732 -166
1 2812 -15188 3632 559 -1490 -29
1 2404 -15100 3716 563 -1406 -70
1 2548 -14792 3492 405 -1558 108
1 2452 -14476 3640 418 -1377 323
1 2388 -14252 3728 46 -1695 702
1 2744 -14992 3520 -543 -1739 930
1 2632 -15888 3644 -86 -1419 948
1 2556 -16036 3848 185 -1170 725
1 2256 -15544 3996 117 -1257 537
1 2400 -15328 3544 -388 -1510 457
1 2628 -15644 3000 -596 -1177 414
1 2780 -15636 3020 -676 -519 221
1 2348 -15728 3564 -826 -67 166
1 2120 -15844 3752 -219 -43 125
1 2212 -15460 3452 -475 -17 157
1 2168 -15408 3120 -1903 -57 -89
1 1972 -16040 2908 -2853 13 -393
1 2172 -16328 2192 -2522 136 -278
1 2688 -16648 1040 -3695 341 -535
1 2572 -17388 -36 -5237 1687 -1805
1 2236 -17696 -324 -5386 3490 -3429
1 2152 -17356 -968 -4330 5453 -4153
1 2376 -16628 -1228 -3404 7136 -4630
1 2396 -16132 -1176 -3288 9081 -5436
1 1680 -16040 -376 -3627 10829 -6071
1 1412 -15744 64 -4529 11570 -6096
1 1732 -15988 812 -5272 11874 -5961
1 1876 -15476 880 -3874 12232 -5557
1 1556 -15292 492 -2761 13031 -4199
1 1336 -16104 -332 -1918 12756 -2894
1 972 -16056 -2300 -601 13256 -2405
1 1260 -15856 -3792 -1037 14790 -2362
1 1160 -16256 -4020 -1582 17887 -2900
1 72 -16048 -2660 -325 20150 -3144
1 72 -15908 -1112 55 20884 -2579
1 -232 -15464 800 753 21685 -2582
1 -1060 -14876 2068 129 21760 -2549
1 -1616 -14492 3100 -734 21275 -2274
1 -1420 -13720 3100 -1998 20604 -1949
1 -1440 -14880 3388 -4031 19972 -1637
1 -1212 -15700 3536 -3452 19536 -1343
1 -1672 -16440 4432 -2759 19819 -902
1 -1980 -16752 5512 -1788 18752 -1089
1 -2280 -16488 5932 -1443 17272 -1403
1 -1624 -16828 5528 -1042 16362 -1642
1 -1404 -16636 4852 -2730 15039 -2399
1 -792 -16568 4272 -3433 14868 -3053
1 -488 -17268 3816 -3640 14123 -2915
1 -536 -17568 3048 -3087 14502 -2989
1 -200 -17380 2068 -4174 14205 -3454
1 -408 -17552 2000 -3420 15180 -3898
1 -636 -16564 2932 -2835 15817 -4054
1 -1044 -17348 4492 -3136 15810 -3938
1 -1968 -17584 6288 -697 15669 -4176
1 -1804 -16460 7428 639 14006 -4066
1 -1908 -15832 8204 108 12793 -3783
1 -1760 -16688 8516 -1288 10413 -4166
1 -676 -17300 8668 1297 8956 -3251
1 -852 -17028 9520 5154 8529 -1726
1 -1736 -15416 10844 5595 6430 -1528
1 -1644 -16708 10092 929 2410 -2943
1 -312 -16772 8164 1570 712 -3639
1 836 -15996 6332 -322 45 -3578
1 1472 -16904 5288 -2203 512 -3941
1 1840 -17296 4952 -1087 1107 -4530
1 1456 -15424 4936 1447 1572 -3888
1 1724 -13744 5060 1006 1562 -3064
1 1492 -13856 4800 -1398 634 -3143
1 2256 -14556 3800 -2240 661 -3119
1 2332 -14764 3408 -341 1902 -1956
1 1668 -14784 3596 -84 2206 -814
1 1724 -15024 3976 -1539 2137 -988
1 1444 -14868 4536 -3019 1715 -1984
1 984 -14956 5256 -3826 1224 -1896

1 376 -15800 1196 -1414 -2158 -169
1 692 -16336 1112 -2563 -1750 -668
1 512 -16656 1052 -1471 -1157 -540
1 124 -16764 1384 -488 -910 -218
1 -80 -16872 1384 -257 -1190 -233
1 -40 -16872 1320 -197 -1380 -606
1 4 -16636 856 -837 -1283 -948
1 120 -16380 428 -1006 -1105 -1301
1 288 -16100 112 -1218 -708 -1462
1 560 -16072 88 -1627 -293 -1480
1 680 -16304 400 -534 -36 -1158
1 944 -16456 436 352 -295 -1162
1 1352 -17208 860 -574 -1398 -1964
1 2276 -19084 -996 -2694 -2328 -4016
1 1720 -20328 -4564 -61 -1672 -5922
1 52 -20444 -6076 5425 2569 -7842
1 -828 -19292 -6412 2732 7401 -9678
1 -704 -18864 -6704 1304 9900 -11072
1 -1404 -18620 -7400 2971 13889 -12307
1 -1256 -17264 -8852 2835 15641 -12047
1 -812 -16416 -8456 -1924 19115 -13840
1 -1392 -17900 -8944 -4797 22348 -13799
1 -1992 -18324 -8044 -2268 25904 -12779
1 -2376 -15464 -5508 2752 28745 -11020
1 -2632 -13524 -2460 922 29278 -10069
1 -2108 -13576 -528 -2078 28688 -9407
1 -1968 -14032 804 -1349 28835 -8014
1 -2836 -13080 1496 1503 28610 -6237
1 -2444 -11460 2532 772 26975 -5490
1 -1208 -12364 4028 -4360 25431 -5846
1 -796 -13092 6168 -3588 26473 -5986
1 -2048 -13908 9428 -2373 25299 -5047
1 -2344 -14020 11108 -1176 20492 -4445
1 -1088 -13592 11872 -1917 17026 -4036
1 -68 -13236 11532 -3423 15542 -3597
1 -952 -13900 11968 -4677 14545 -3867
1 -1012 -14972 11652 -7110 11393 -4193
1 -64 -15244 11488 -6869 8426 -4241
1 1068 -16444 10868 -5637 6304 -3264
1 1996 -16176 10828 -1384 7352 -1609
1 728 -17256 12900 -2242 6741 -1497
1 592 -18032 13008 -1555 3978 -2256
1 924 -17452 12808 -944 1862 -2830
1 1848 -16644 11788 -584 92 -2007
1 2240 -16524 10324 865 -1221 -738
1 2948 -16380 8028 2825 -1749 483
1 3388 -15108 6636 1526 -1577 584
1 3308 -15400 4712 -575 -1825 94
1 3908 -15836 2484 -723 -1844 88
1 5324 -15816 608 -770 -640 -484
1 5028 -14804 432 -1594 2088 -1966
1 4056 -14156 1856 -2634 3685 -2545
1 3672 -14292 3120 -1799 3890 -1717
1 3512 -13916 4776 -507 4521 -1079
1 2664 -13868 6932 -1416 4608 -770
1 1620 -15252 8744 -2268 3350 -515
1 1688 -15816 9232 -1269 1376 -556
1 1868 -15324 9108 -2089 -147 -1084
1 1876 -16156 7940 -4043 -2033 -1469
1 3092 -16524 5192 -1648 -2950 -856
1 4280 -15680 3392 867 -2400 156
1 4448 -14784 2788 -15 -1045 120
1 4068 -14452 2956 -1974 -121 -412
1 4104 -14864 2856 -2797 331 -696
1 4144 -15564 3064 -2292 903 -388
1 3624 -15384 4100 -889 1864 -207
1 2756 -14872 5524 -642 1706 -98
1 2300 -14864 6132 -500 647 101
1 2168 -15028 6024 -1123 -1008 145
1 2780 -15764 4684 -1773 -2401 -318
1 3344 -16136 3832 -1446 -2158 -618
1 3356 -15928 3564 125 -1539 -308
1 3328 -15264 3684 293 -1503 116
1 3280 -15476 3624 -791 -1768 -34
1 3580 -15648 3320 -1718 -1757 -499

1 -1316 -15868 2572 156 -1227 -479
1 -1168 -15580 1940 112 -1230 -387
1 -1064 -15628 1320 -51 -1009 -285
1 -888 -15756 892 357 -312 -206
1 -872 -16188 348 197 478 -300
1 -432 -16908 -800 -165 1806 -992
1 -516 -17272 -2084 213 4009 -2106
1 -600 -17740 -3344 -531 5357 -3577
1 -260 -17164 -3968 104 7755 -5454
1 -896 -16024 -3572 -135 10581 -6996
1 -1940 -16268 -1984 -1598 11742 -7375
1 -2756 -17464 -1120 849 11885 -7060
1 -2556 -17884 -1732 3994 12490 -7413
1 -1680 -16444 -2108 5824 13671 -7727
1 -1940 -15384 -1044 3736 15788 -8337
1 -2684 -16648 -328 909 15571 -8218
1 -2800 -17524 -912 3313 16677 -7575
1 -2024 -16748 -624 8231 17667 -6875
1 -2340 -15628 -1052 5185 19354 -7742
1 -2208 -16628 -444 -481 20457 -7732
1 -2832 -17676 -68 2443 22411 -7336
1 -3184 -17168 480 5707 24030 -7018
1 -3944 -16260 2104 5320 24100 -7208
1 -4692 -15976 3836 3657 22149 -7943
1 -3548 -15272 2172 3048 19905 -8409
1 -2892 -15440 1184 1872 20011 -8676
1 -2456 -15172 748 1833 21068 -8580
1 -2548 -14420 1640 4162 21829 -8654
1 -2536 -14632 660 4468 22218 -9591
1 -3036 -15380 -1208 4572 24199 -10925
1 -2480 -15532 -2936 2812 27279 -13641
1 -2812 -14320 -1124 -2255 31721 -15930
1 -5236 -14920 4452 -9196 32767 -16699
1 -8564 -16056 10692 -11337 32767 -16798
1 -10712 -16264 16388 -9891 29224 -14706
1 -12676 -18432 23404 -8396 25810 -10956
1 -19916 -19328 32767 5631 21630 -5832
1 -32768 -1324 32767 25781 -7947 -124
1 -320 -12068 17056 -4768 -21750 3488
1 -264 -16044 7772 12162 -14673 112
1 3236 -13888 3500 6356 -15141 652
1 7264 -16156 -3296 -3431 -12529 504
1 7564 -14992 -3592 5472 -4960 -885
1 6912 -13096 -1948 -2064 -983 -1139
1 5392 -13048 1220 -933 4822 -900
1 2940 -12452 5136 -30 6564 -456
1 904 -12264 8360 811 6578 213
1 -192 -12800 10180 -945 5104 717
1 -536 -13756 10984 -1066 4201 914
1 -832 -15288 12112 -1110 1849 754
1 -500 -15612 11560 -874 -617 -390
1 288 -15576 9560 -1787 -3300 -25
1 1368 -15912 6772 678 -4286 444
1 2380 -16312 4232 525 -4004 619
1 2972 -15616 3516 2224 -1521 -54
1 2692 -14244 4392 656 429 -1073
1 1972 -13792 5744 -1824 1231 -1280
1 788 -14516 8476 -1655 662 -653
1 140 -14068 9564 872 -718 -343
1 380 -13816 8912 -621 -1287 -176
1 1200 -14436 7568 -1045 -811 -389
1 1876 -15464 6604 -1196 -981 -251
1 2076 -15916 5928 -22 -843 -97
1 1772 -14976 6540 574 -868 -111
1 1228 -14116 7244 -278 -675 -200
1 1032 -13988 7452 -559 -766 -239
1 1096 -14096 7344 -609 -915 -216
1 1308 -14788 6508 -951 -1249 -111
1 1660 -15376 6088 -228 -1249 -154
1 1588 -15312 6624 208 -957 -106
1 1152 -14880 7512 643 -721 46
1 1148 -14408 7664 533 -760 109
1 1232 -14272 7144 55 -707 1
1 1616 -14404 6844 -340 -791 -78
1 1704 -14852 6616 -553 -949 1

1 -1200 -15904 1684 339 -719 -454
1 -1028 -15648 1228 -9 -745 -436
1 -1024 -15680 932 -167 -640 -245
1 -812 -15936 684 111 -378 -96
1 -972 -16128 956 215 126 -140
1 -1204 -16304 1324 -176 127 -331
1 -980 -16196 1556 51 114 -608
1 -976 -15924 1668 -137 263 -746
1 -888 -15636 2112 -15 386 -494
1 -1244 -15768 2688 169 280 -106
1 -1680 -16388 2812 15 -409 -189
1 -1300 -16740 2220 -22 -1360 -959
1 -676 -16620 1428 -360 -1088 -1558
1 -512 -16908 836 -319 -483 -1267
1 -692 -17212 772 545 267 -904
1 -768 -17208 552 981 772 -804
1 -808 -17396 -240 487 1135 -1104
1 -208 -17360 -884 -92 1989 -1910
1 -96 -17268 -1116 -152 3590 -2531
1 -536 -17144 -1216 327 5084 -2629
1 -1008 -16868 -2120 488 6257 -2422
1 -540 -16768 -3312 -726 7226 -2994
1 -4 -16832 -3792 -689 9433 -3725
1 -376 -16844 -2624 1363 12253 -3645
1 -1800 -16664 -1252 4036 13236 -3080
1 -2048 -15508 -240 5213 12633 -3246
1 -1416 -14940 412 2411 12040 -4075
1 -780 -15544 -148 1000 12125 -3926
1 -836 -15360 -188 3796 13605 -3026
1 -1452 -14996 124 3085 14056 -2921
1 -1760 -15056 -36 1870 13848 -3412
1 -1720 -15040 -552 2409 14443 -3509
1 -2028 -16052 -548 3511 14913 -2873
1 -2524 -16612 -1336 7313 16062 -1887
1 -2500 -16064 -452 9018 17204 -2345
1 -3016 -15572 -32 5103 17427 -4453
1 -2580 -15416 984 4104 18609 -5778
1 -2224 -15616 3388 1993 19034 -5700
1 -2808 -15420 5180 2853 19168 -5239
1 -3308 -15284 7096 3622 18368 -4714
1 -3644 -14908 8052 4097 17021 -4405
1 -3744 -14460 7724 3384 14940 -3458
1 -3068 -15164 7628 1734 12810 -2803
1 -3112 -16024 7272 1601 12332 -2884
1 -3504 -16064 6364 2467 11324 -2891
1 -3124 -16704 5840 898 10019 -3654
1 -2344 -16848 4952 3620 9891 -3267
1 -2908 -16932 4984 9198 10698 -1416
1 -2856 -16584 4704 13886 10496 746
1 -2796 -14844 5560 16900 11189 168
1 -3200 -13492 7244 9659 10140 -3278
1 -2640 -14144 6648 542 9103 -6447
1 -2032 -15132 6408 -977 9301 -7868
1 -2016 -15028 7036 -677 10374 -8233
1 -2180 -14416 8716 697 11264 -7946
1 -2716 -14016 10432 1808 11808 -7266
1 -3044 -13668 10924 2350 10433 -6380
1 -2920 -13748 11524 1592 7756 -5483
1 -2044 -13316 11536 -130 4894 -5270
1 -1456 -12928 11264 -928 3915 -5199
1 -1368 -12908 10620 -1440 2950 -4834
1 -1456 -13596 9812 -2096 1643 -4347
1 -844 -14132 8608 -2752 142 -3997
1 -8 -13572 7480 -2020 487 -3876
1 -204 -13420 7128 -4269 870 -4187
1 -60 -13996 6488 -5396 834 -4129
1 108 -14180 6100 -3598 1076 -3413
1 364 -13600 6196 -2615 2663 -2406
1 -272 -13736 7044 -3388 2965 -1760
1 -280 -14824 7192 -5008 1743 -1751
1 52 -15316 7072 -4009 1225 -1944
1 92 -15312 7040 -3231 1410 -1622
1 -132 -15244 7616 -2503 2108 -875
1 -596 -15712 8260 -1851 1652 -263
1 -616 -16128 8272 -983 144 -94

1 428 -16428 52 -760 -1031 -431
1 552 -16576 32 -498 -751 -90
1 296 -16912 312 20 -464 303
1 164 -17012 64 14 -723 172
1 164 -16840 72 797 -551 -123
1 120 -16500 160 555 -423 -264
1 236 -16548 284 45 -470 -223
1 164 -16544 576 905 -286 12
1 136 -16356 604 1099 -224 121
1 108 -16316 684 140 -286 88
1 -112 -16456 616 460 -168 275
1 -96 -16380 744 1690 -220 182
1 -180 -16260 1004 518 -421 -195
1 124 -16776 644 -904 -364 -366
1 308 -16828 464 840 -37 -289
1 320 -16760 160 1689 302 -416
1 576 -17268 -360 -37 783 -879
1 968 -17924 -964 -323 1624 -1542
1 1056 -18180 -1224 1540 3417 -2073
1 400 -17080 -804 4044 4851 -2397
1 52 -15932 -924 4029 5296 -2952
1 480 -15624 -1568 760 5973 -3529
1 724 -15404 -1692 1313 7861 -3389
1 212 -15084 -1536 3391 9760 -2860
1 -360 -15156 -1344 676 10814 -3152
1 -440 -15996 -1400 -1613 11256 -3622
1 -496 -16532 -1472 -523 12287 -3717
1 -812 -15720 -1164 1257 13195 -4118
1 -940 -14884 36 -422 13106 -4866
1 -1156 -15072 460 -2152 13371 -4415
1 -1216 -15656 1096 -1089 12457 -3028
1 -460 -15680 1092 2701 12776 -2374
1 408 -15852 1448 1659 11580 -1815
1 256 -16252 1852 388 11800 -1700
1 560 -16512 3024 275 11043 -1990
1 548 -16448 4056 368 10223 -2204
1 708 -16196 4184 275 9253 -1816
1 648 -16884 3884 -1700 8495 -1358
1 896 -17472 2348 -1916 7363 -1839
1 1224 -17388 1312 -304 7567 -2509
1 944 -17096 892 -1018 7891 -3179
1 240 -17724 704 -1960 8176 -3883
1 500 -17344 -304 744 7963 -4649
1 1588 -15384 -1136 2685 8879 -4941
1 2012 -14280 -1180 -877 10122 -4732
1 1812 -15004 -316 -5263 11260 -4305
1 1460 -16272 -168 -4365 11711 -3585
1 1512 -16356 588 -721 12693 -2370
1 708 -16800 1940 -1329 12899 -1882
1 832 -17056 2316 -2844 11839 -2628
1 1044 -16716 3052 -2325 11677 -2763
1 1020 -17344 3896 -3941 10986 -2753
1 828 -17924 3816 -3182 10901 -2352
1 612 -17652 4560 1451 10020 -1916
1 976 -16836 5528 2035 8280 -1725
1 1336 -16068 5252 1054 7281 -2493
1 1584 -15480 5240 -703 6692 -3334
1 1512 -15388 4672 -3481 5974 -3944
1 1704 -15440 3768 -4556 5659 -3574
1 1928 -15556 3420 -2400 5807 -2512
1 1840 -15664 2512 -1732 5735 -1924
1 2080 -15360 2376 -1444 5713 -1926
1 1664 -15536 2480 -2233 5831 -1719
1 1784 -15844 2636 -3603 5074 -2077
1 2252 -16044 1880 -3238 4804 -2457
1 2284 -15632 1676 -2354 5235 -2091
1 2320 -15356 1824 -1896 5048 -1918
1 2288 -15928 2276 -4102 4932 -2179
1 2468 -16476 1772 -4202 4460 -2132
1 2608 -16444 1564 -2127 4215 -2249
1 2928 -16324 1744 -3572 4072 -2427
1 3012 -16940 1540 -3675 4092 -2135
1 2968 -17256 1304 -1129 4572 -1799
1 3240 -17184 988 -652 4275 -2168
1 3284 -16420 1348 -1305 4568 -2342