0.865160 -0.387693 -0.711709 -0.281007 -0.090297 0.441125 0.120282 -1.239780
0.864135 -0.395557 -0.711736 -0.281890 -0.088123 0.438487 0.124303 -1.239240
0.869689 -0.390406 -0.714358 -0.279887 -0.090210 0.437912 0.125196 -1.239855
0.863998 -0.395157 -0.714215 -0.283685 -0.088306 0.442764 0.122317 -1.234865
0.863625 -0.392636 -0.712018 -0.282834 -0.085496 0.440963 0.121128 -1.238434
0.863644 -0.397297 -0.703404 -0.284362 -0.094644 0.447605 0.122313 -1.236619
0.869121 -0.392884 -0.719209 -0.283421 -0.092714 0.443182 0.125705 -1.238273
0.863819 -0.395760 -0.712547 -0.282771 -0.090287 0.441624 0.122694 -1.237264
0.866271 -0.387613 -0.715256 -0.283675 -0.090088 0.438218 0.122687 -1.242094
0.864769 -0.395291 -0.713441 -0.277984 -0.088788 0.445768 0.124319 -1.240976
